id,lat,long
300121,52.069548499999996,10.1435545
302441,52.0712815,10.1111815
300266,50.3849265,7.597978599999999
300911,50.600692,11.8532655
302681,50.1197375,7.6176578
301610,52.1633675,10.81060325
302875,50.575146000000004,7.70149035
302261,52.269633,8.49242
302365,51.98081,10.3122675
300709,52.11771,10.094819000000001
302304,51.207091500000004,8.35469225
302731,51.207264,8.181205499999999
301055,52.2396165,9.677989
301310,51.8295635,10.018091
300273,50.6436005,7.614825
302038,50.8388805,9.179488
300116,51.148675999999995,7.9255390000000006
302736,52.2216115,10.006827
302891,51.79102,10.204029
300583,50.5792755,11.8935705
302725,50.477314,7.6293074999999995
300451,51.175995,7.66005675
302203,52.031015,9.694868
301216,51.3702945,9.2505435
300741,52.2144395,10.445
300827,51.7373685,9.595216
302900,50.269474,11.384342
300186,50.8622055,7.6653483
300588,50.224064,9.825728
300680,52.085916499999996,10.086954500000001
303070,51.55735,10.187644
300088,52.1324585,9.737955
301741,51.612886,9.8874365
301474,52.0816155,10.285198
301028,51.8745725,10.2347665
302938,52.6046695,7.9465314
301436,51.8919505,8.710706
300937,50.6813825,7.6240665
301177,50.648934999999994,7.9353695
302073,51.569265,10.59135
302863,51.893464,9.9498675
301621,52.362835,10.030199
301779,51.960384000000005,9.774275500000002
301033,50.210927999999996,7.6495197
300062,51.9665315,8.2329045
301922,50.6362115,7.7505486
302418,50.716936,8.599149
302896,52.133862,9.880461
302641,52.114070999999996,9.080458
302249,50.8172495,7.98099
302776,51.974609,10.200692499999999
302138,51.893037,9.806343250000001
300489,52.2358665,9.8146715
302987,52.5338365,9.4334425
300184,51.998137,10.2067665
301485,52.45348,10.4184315
300004,51.9916785,9.7992925
301341,51.90837,9.184255
300673,52.1468275,10.262865999999999
300100,52.1530925,9.920195
301491,52.419601,7.9830272
300392,52.2256685,9.5931905
303075,51.918604,9.43882025
302942,50.882305,7.7358851
301074,51.9741325,9.618938
302142,52.001020499999996,10.138501000000002
302130,52.070719,10.05456625
303114,51.707674,9.751797499999999
302330,52.0678615,9.746324999999999
300982,52.238083,9.896497
300620,52.540388500000006,11.166629
301270,51.680515,10.133479000000001
303119,52.369215,10.0784795
300227,51.902018,9.289803500000001
302739,51.937376,8.074031
302949,52.187543500000004,9.48000175
302137,50.6288895,7.726617
303063,51.643246000000005,9.851557499999998
303038,52.1205975,9.897550500000001
300658,50.2923665,7.937317
302533,51.662972499999995,9.130647
303110,51.332949,9.321206499999999
302054,51.3317415,9.914975
301800,52.2518625,9.974729
300401,50.769062,9.708181499999998
302769,51.237826,7.9646394
301175,50.80608,7.7138152
300943,50.538166000000004,7.83826115
301472,52.2020285,9.789403
301107,52.065027,10.1050155
302636,51.9322625,9.532846
301777,52.4905245,9.832016
301865,51.3922275,10.7268675
301137,52.342836500000004,8.362398500000001
302174,52.1439245,9.1266885
301340,52.138136,10.084685499999999
300180,52.1113585,10.2501505
301417,52.117985,9.9642755
300406,52.032595,10.1285115
303042,52.397335,10.931228
303011,50.429619,7.5941221500000005
300028,51.960168499999995,9.8434785
301770,51.889045499999995,9.892556500000001
300055,51.6243585,9.2397575
300899,51.888471499999994,10.17633675
302735,52.379123500000006,10.0506905
302562,52.257499499999994,10.178710500000001
302302,52.27939,9.627967
302472,51.376796999999996,9.7753885
302033,52.301882,9.3083505
301576,51.297503500000005,8.16858815
300324,50.5151405,7.84845045
302877,51.919384,9.8161865
301303,51.331936,9.6215815
302611,52.178195,10.1063915
302495,51.078745999999995,8.798102
302503,52.2858385,10.0421195
301475,52.158407999999994,9.764351999999999
301447,51.566621999999995,9.1860715
302643,51.9377265,8.8422005
302295,52.548072000000005,8.2091725
302215,52.367875,9.9568245
302960,51.972896500000004,9.5951575
301962,52.227601500000006,10.60347475
303062,52.254227,10.1982535
301548,51.299155999999996,9.333117
300919,51.088480000000004,7.9807078
300537,51.029757000000004,8.4099115
300129,51.664765,9.009163000000001
300204,52.290276000000006,9.609865
302257,52.3801965,10.034789
303002,52.244724,9.981663
301704,51.8397565,9.586506
302873,52.1107585,10.024013499999999
300179,51.829903,9.355426999999999
300067,51.873413,9.137171500000001
301791,52.10531,10.1967815
300625,52.3396815,8.543861
300702,51.899794,8.7969425
300878,51.566477,9.244449
301558,51.992717999999996,9.382787
300189,52.431452,9.7864795
301815,52.075815000000006,10.873723
302690,52.137501,9.983965999999999
302795,51.047737999999995,9.649464
301437,51.9444285,9.2719325
302462,52.6479535,8.193704
301837,50.499733,7.7654215
301939,52.6667075,7.92865685
300046,51.6805075,9.520832500000001
302030,52.2199615,10.291363
301296,50.775178499999996,7.6324503
301281,52.592830500000005,7.8627365000000005
301931,52.256838,10.1948985
302586,52.03067,10.240390000000001
300660,50.285419,7.7034590000000005
300836,52.135216,10.0442915
302536,52.296760500000005,9.508299
300611,51.8559325,11.01061
300576,50.519047,7.7815483
302841,52.163197499999995,11.659091
301647,52.4098605,11.0004215
301802,50.567826,8.011455250000001
302857,52.127340000000004,9.992701
300435,50.767039999999994,8.00833075
302185,51.949686,9.695452
301981,52.363453,9.344799
300871,51.891059999999996,9.373008
301166,51.6282845,10.387887
301932,52.0114235,9.725608000000001
300801,52.216629,11.106356
300991,51.9986075,9.547781
300485,51.15508,9.2013855
300031,51.978555,9.87866925
300239,51.924738000000005,9.693634
301555,51.968090000000004,9.218387
300720,50.625004000000004,7.68826375
303017,52.1543275,8.6942825
300848,52.301145000000005,9.646269499999999
301047,51.9254465,9.735817
303108,51.810131,9.9182145
301542,51.9405115,10.0127105
302561,52.0004445,10.1228685
301995,50.744573,7.71589115
300794,52.278054999999995,10.081409
300707,50.6954635,11.0685875
300623,50.6285095,7.70889965
301511,52.11745,9.6348735
300218,50.5417935,7.63870215
302124,50.461464,11.893213
302057,50.964895,9.799827
301965,52.14885700000001,10.0844865
300354,51.9461935,9.023635500000001
301372,51.385714,8.759040500000001
301969,52.262879999999996,8.799638999999999
301976,51.816208,9.7633025
300696,52.100094,11.0087765
300119,51.8317835,8.0198745
302789,50.649233,7.9576205
302226,52.1064375,8.629601999999998
300771,52.002641,7.85936265
300068,51.488581499999995,9.253399
301297,52.098852,9.61958775
302596,52.007794000000004,9.304955499999998
301498,52.0384285,9.515948999999999
301774,51.216955,9.5033445
302113,51.8790795,10.123515000000001
301366,52.211161,9.8675925
301473,50.182834,7.650555799999999
302092,51.809853000000004,9.701101999999999
300185,52.639255000000006,7.7343189500000005
302291,51.8769825,8.2423876
303080,52.419900999999996,9.9512575
302957,51.924518,11.2063285
301731,51.7628435,9.60448675
302477,50.8955325,8.526701249999999
301408,52.2082975,10.4633865
301966,52.4064315,8.29454875
302783,50.9912415,7.5995268
302162,52.087613,9.9878085
301206,52.261987500000004,9.999512
301007,51.269819,8.6530425
302157,52.014647499999995,10.001648
302775,51.83218,9.7376465
300786,51.904745,9.103993500000001
300812,52.018983000000006,11.2661135
302798,51.528205,9.822856999999999
302913,52.074293999999995,10.438772
302102,52.374942000000004,10.01190475
300791,50.546465,7.65885535
301692,51.897325499999994,10.1767825
302082,51.2865575,8.2881765
302085,52.050866,10.2937185
301181,52.211172000000005,9.6968935
301948,52.2133665,10.192265500000001
302208,51.8505,8.649242999999998
300978,52.1270985,9.9014375
300379,52.095097499999994,9.974908
302236,52.173835499999996,9.9774535
300773,52.056203499999995,9.966629000000001
300300,52.086163,10.368276
300230,51.678545,8.9133595
301360,52.691202000000004,7.76899005
301018,51.9669,9.040736500000001
302652,52.5798875,7.75681315
302361,52.320645,9.707610500000001
300002,50.4690215,11.62953375
301635,51.674835,9.145058500000001
300545,52.264388499999995,11.507963499999999
301937,52.045025,8.6656915
302727,52.305559,9.5456685
301541,52.113738999999995,8.7974345
301709,52.2828755,9.3007115
301467,51.901325,9.315449000000001
300222,51.989029,9.831723
301516,52.210566,10.257055000000001
301923,51.265675,8.8037305
303024,52.5397685,8.2673715
301422,52.119637,10.1425345
302555,52.027755,9.808852
300468,51.954537,10.153721
301783,52.320459,8.753047500000001
302000,52.2678865,10.083262
300301,52.383455,10.535690500000001
302344,51.722631500000006,11.09403
302311,50.772108,7.569509350000001
301947,50.5464165,11.886715
301620,51.962089500000005,9.693612000000002
301050,52.0749275,10.1180235
300825,52.391192000000004,10.2867075
301805,52.104513499999996,10.673346500000001
300585,52.309478999999996,10.0370505
302848,52.022272,10.0817275
301259,50.396138,7.62984035
301673,51.877866999999995,11.5568835
302832,51.882988499999996,9.8152335
302150,51.94327199999999,9.807661
302402,50.9157575,7.9040029999999994
300975,51.9933335,9.7608845
301957,50.82435,8.09670725
302862,51.966299,9.8461795
301188,52.0390335,10.042204
302316,52.6118125,7.92213885
301809,52.335407000000004,11.552707
301096,51.820265,9.623939
302182,50.430780999999996,12.081654499999999
301252,51.2994185,9.481223
300112,51.288042000000004,9.049933
302904,50.3024275,7.6825823
300198,52.1075,9.806439000000001
301305,50.4561575,7.6121123
302410,52.0762745,9.40353275
301523,52.19314,10.0833455
300209,51.077753,9.8389235
301827,50.502433499999995,8.3054445
301562,51.9897565,9.140494
302793,51.182105,9.545456999999999
301852,52.104338,9.6705965
300506,51.748737000000006,9.668607
301427,50.665884000000005,7.981760899999999
303018,51.628685000000004,10.253338
302333,52.070774,10.294388
301874,52.176914,10.0094375
301879,51.297430000000006,9.014339
300306,52.2830275,9.531475499999999
302207,51.125875,8.45101
301824,52.073944,9.9566685
300722,52.130365,9.963411
302025,51.577434499999995,8.6159345
301528,51.2038115,8.553167
303104,52.1052265,10.0554495
302449,51.9315725,9.862141
302676,52.022972499999995,9.8519395
302383,52.5206575,7.802995
301172,52.221207,9.3530625
300432,52.30945,10.078749
302631,52.288135,10.149156999999999
302710,52.431833499999996,7.861484750000001
302778,51.9020655,10.1705395
300992,52.502321499999994,7.83265415
302842,51.369859500000004,9.727855
300423,51.8211175,9.7645225
302997,52.350382499999995,10.147519
300426,52.029081500000004,9.7859635
302107,51.2875475,11.12580175
301178,51.8900385,9.4582735
300355,52.0523875,9.9602425
302481,51.920189,9.9225045
300550,52.5748695,9.880284
301321,52.351053500000006,10.13977425
301863,51.398857500000005,8.17572
301056,52.209317,9.63343425
301925,50.914068,7.73810865
300114,52.1824855,8.230328499999999
301264,51.711735000000004,9.2601775
302935,52.0719365,10.053522000000001
302656,52.122741500000004,9.009385
300562,52.114819,10.0621955
301755,52.0945085,10.369747749999998
300674,52.4204885,7.70973315
302919,50.546677,7.903370000000001
303014,52.078877500000004,11.5478245
301622,51.4172995,9.61769925
302404,50.653126,8.01972715
302663,52.0860955,10.483174
300073,51.377838499999996,8.893907500000001
300672,52.223049,10.1525485
301038,52.008078,9.778712500000001
301097,50.87545,8.1498162
300024,50.6278135,7.61299395
301308,50.656092,11.75852525
302691,52.4916305,10.0169785
300505,49.318627500000005,10.395015
301122,51.912234999999995,10.3072255
300681,52.495369,9.361341
300139,51.323417500000005,12.0190975
300522,52.348839,10.5710645
301830,51.2448385,9.9149965
301508,51.4857675,9.72130525
301095,51.868829500000004,10.45492025
301540,51.609373000000005,10.5621885
302962,52.1121045,10.1853535
301933,52.274196,10.508066
302473,49.7915285,10.4534915
302118,51.2628995,9.361786
300240,51.506454,8.73414675
302903,50.517835500000004,7.9788978
302370,51.9069535,9.199622999999999
302800,52.069843000000006,11.228527
302544,50.876073500000004,9.2424785
300444,51.413827999999995,9.079394
302667,52.2786065,9.8463845
302388,51.905246500000004,9.786829999999998
301108,50.683445,9.5207875
300149,51.947685,10.524387
300570,52.135445000000004,10.171992
302171,52.3445535,7.921647800000001
302169,51.751325,10.1903455
300661,50.469522,7.6731868500000004
301460,51.627430000000004,10.137909
303107,51.998466500000006,9.4482105
300011,51.909338,10.06547125
300206,50.647585,7.841831
301604,51.9762935,9.63399
301990,52.168501,9.923257499999998
300006,52.143801499999995,10.118502
300744,52.2219065,10.108797
301860,51.74928,9.140089
302282,52.152654999999996,9.8699505
301240,52.0446725,9.40431575
302929,51.5768685,9.6080775
301565,52.077377999999996,7.950748
300130,52.125434999999996,9.752922
302046,52.1949275,9.883205
301354,52.56391,7.918921
300730,51.169439,8.1901665
300622,52.2891995,9.7341715
300454,50.7421,11.3123465
302117,52.1612875,10.19931975
300644,52.2738235,9.8522315
302125,52.339708,9.74794325
300845,52.0085135,9.70125325
301323,50.782505,7.6959326
302584,52.591362000000004,8.209729
302888,52.195081,9.952194
301657,52.062855,10.066917499999999
300539,52.094873500000006,9.787465000000001
302603,52.0582885,8.094013
301839,50.722595999999996,7.802434
300938,50.2214125,11.9284725
302225,52.002245,9.353989
300944,50.958947,8.5683295
300679,52.213252999999995,9.7755805
301002,50.984552,8.71990375
301160,50.734024000000005,7.6176578
301530,51.902183,10.123292
301250,51.99839,7.938563
300455,52.243774,9.7793585
300074,51.921741499999996,9.036226500000001
300813,50.5018975,7.6814991500000005
301722,50.576882499999996,7.9470415
302541,51.914955000000006,9.964172
302482,52.086362,10.292374
301375,52.1729695,8.791053
302721,52.1156215,10.051873749999999
301806,52.1438865,9.654036999999999
301608,52.5983045,7.7890276499999995
302819,52.2027305,10.529344250000001
302064,50.898763,9.18672875
300065,52.276659,8.665286
300593,51.1284215,7.6461539
300225,51.368052,10.142155500000001
301524,51.606639,9.66136375
300864,52.092933,10.096428
302490,52.040265000000005,9.763507
303130,52.0454675,10.460839
302079,52.11515,9.990886
300581,51.523551999999995,9.1051625
302098,52.133575500000006,10.074726
303005,48.258261000000005,8.206859
303078,51.3022565,9.293206000000001
300757,51.7539845,9.129811
302861,52.548088,7.9645314
301045,52.106077,10.0871495
302785,51.531048,8.206918
302965,51.8735535,9.99547175
303065,51.9108315,10.2615145
301363,51.9176975,10.08739075
300140,50.6814975,9.050454
302796,50.539063,7.67454375
302094,51.999412500000005,9.591918
300297,52.465468,10.716523
300408,51.372692,8.226874500000001
302034,52.092005,9.845245
300832,52.078313,10.0140705
300860,50.746481,7.73810865
300075,52.1563915,9.9524975
300264,52.24111,10.0331635
302566,51.7586735,9.4052655
301804,52.142925,10.146134
303030,52.0988465,9.5611105
302294,52.0687845,10.2180245
300575,50.5564625,7.6814991500000005
301150,52.1971835,10.32577625
302413,50.443842000000004,7.69629165
303015,51.113963999999996,9.5804925
302930,52.4745125,9.7650065
301495,52.130653,9.580581
301094,52.2937235,9.9698965
301049,51.937558499999994,10.31859
301941,52.458946499999996,7.8144737
302433,52.431304,8.2073845
300331,50.586689,7.68347905
300578,52.144271,9.686503
301825,51.0223685,10.4957095
301454,51.74095,10.3659605
302500,51.6163175,9.955757250000001
300135,51.02953,7.7451484
301572,52.029413500000004,9.7110655
303028,51.960318,8.4876185
302214,52.666729000000004,7.971181
301607,52.228315499999994,9.5262505
301986,51.692209000000005,8.743592
301238,52.0926705,9.759742
302218,52.3772615,10.0484495
302136,51.710462500000006,9.777363000000001
302759,51.5308965,9.243051
300188,51.0780585,8.8520685
302692,52.192333500000004,10.043233749999999
301892,50.898593000000005,7.6517760500000005
301518,52.211218,10.105288999999999
302394,51.762225,7.8613075
301493,52.03293,9.588553000000001
301299,52.1589375,9.911687
301285,51.468281000000005,9.340925
300998,51.6383435,7.944587
300596,50.993572,7.70439265
300921,51.6909965,9.8035885
302088,51.5847665,8.75484825
301032,51.917452,10.150421000000001
302499,52.1472575,10.2414125
301553,52.162582,9.9289945
301276,51.773682,9.627044000000001
302657,52.238239500000006,10.4615495
302659,51.9380055,8.7319645
302781,50.447755,7.9164601999999995
302275,50.67272,8.244541
300769,51.940172000000004,9.6924565
302806,51.681326,9.806306
302511,52.082182,10.047533
301642,51.3359175,9.383264
302070,52.125668000000005,10.158526250000001
300826,52.0526215,9.4403845
301688,52.5190125,8.30004065
300838,52.106399499999995,10.02685
302155,51.7468985,9.8240765
302773,49.993521,7.7416219
300289,51.9136485,9.579695000000001
300213,51.8149735,9.080631
302400,52.4855035,7.9886905
301394,52.3415485,9.7330565
302619,50.42106,7.64772295
301431,51.158193999999995,8.35503
302239,52.074227500000006,10.618616
302223,52.001374999999996,10.184468500000001
300913,51.94194,10.16313225
302308,51.7997895,9.224898499999998
300512,52.131836,10.027716999999999
301291,50.577945,7.65481415
302323,52.403545,8.542549999999999
302660,51.778238,9.075262500000001
302534,52.0055105,9.726233
300901,51.8225465,8.267109999999999
301068,50.444733,7.706421300000001
301831,52.117729,9.740213
300263,51.083642999999995,11.682644
302827,52.0565835,9.423749
300411,52.192400000000006,10.145883
301071,50.364992,7.706421300000001
301955,51.769303,9.925194999999999
300217,50.370239999999995,9.016803
300997,52.2225515,10.0780625
302550,52.361043499999994,8.899068
301537,52.203008999999994,10.1429385
300985,51.379194999999996,7.64753765
302577,52.3818815,8.304773
301017,52.137170999999995,8.5764455
301332,50.6493275,8.3672685
301876,52.3564685,7.7844645
301602,52.0915285,9.85620725
302607,52.248945,11.198459
302221,52.1008665,10.0368695
302549,52.604935,8.075471
302126,52.0169565,10.1182085
302217,50.2695625,7.637669649999999
300735,50.298754,10.186466750000001
300493,51.90725,9.497477
302093,52.214516,9.756497
301803,52.1992685,8.860314500000001
300510,52.2060885,8.731769
300418,51.907755,9.416665
302955,50.424094,12.005341000000001
300487,51.974827000000005,9.6927315
302494,51.778969000000004,10.0531305
300541,52.032548500000004,10.657841
300714,50.5776635,7.74935365
302939,52.0554035,9.518093
300748,50.8963165,7.75318825
300054,52.097272000000004,9.437159000000001
300066,50.621635,7.677773
301507,51.702920000000006,8.286888999999999
300814,51.005256,9.678567000000001
301902,52.166582,9.7814215
301598,52.583361,11.2477415
302339,51.783843000000005,10.451705
301289,51.5118925,9.744693999999999
302504,52.1959685,9.836235
301132,52.063854500000005,9.9383145
301021,52.271755,7.8798139
302028,52.180818,9.98607
300554,52.05384,9.561112
301114,51.9968585,9.05786
302059,52.13896,9.0349185
302684,52.2889415,10.122493
302707,51.886495499999995,9.3770705
300775,51.752883499999996,10.530672500000001
300754,51.3750705,9.69099
301589,52.31739,10.130095
302192,51.767916,8.9112095
303064,50.590349,7.66180205
302542,51.021029,10.156817
300764,52.493441000000004,11.0556945
302901,52.4626885,7.9950887999999996
300612,52.1693745,9.7793025
301862,52.104087,8.5595935
302886,51.594311000000005,7.71472515
300984,52.581972500000006,7.833325
302996,51.957106,8.22638975
301867,52.126223499999995,10.128354
302699,50.48639,7.6321671
301985,52.0569305,11.087890999999999
300417,52.090229,9.597724
302096,52.2829455,10.044548500000001
301634,52.118967,9.580522
301703,52.1676485,10.088491000000001
302416,52.244369500000005,7.7306763499999995
300615,51.419841,9.4965735
301198,51.4855405,8.828735
303084,50.4711955,7.656712799999999
302516,52.181096499999995,9.870584000000001
300368,52.090149,10.5199275
303007,51.190757500000004,8.154194
302675,50.245199,7.6326733
301229,52.1237675,9.388307000000001
301217,51.706076499999995,9.6805825
300779,51.95046,9.947731
300419,52.243001,7.80631315
301810,51.956239,10.053989999999999
302464,50.991952999999995,9.684785
300806,51.986341499999995,9.420686750000002
301582,50.907269,8.516443500000001
301392,51.887525499999995,10.401462500000001
302359,51.578867,9.6390485
302151,51.9331425,9.0889035
300182,51.920898,9.750350000000001
302422,50.5048185,8.0628331
302303,51.988377,10.171702499999999
302228,51.560674500000005,9.93152975
300039,51.951884,10.2288315
302502,52.112628,9.9684715
302149,51.608911500000005,9.985536
300880,52.045736500000004,10.0997585
301573,50.787478500000006,7.9649488
300726,52.215473,8.7059995
300923,50.3116705,7.6579538
302661,52.5990015,7.69707295
300172,51.285078,7.6423571500000005
301338,51.8175465,9.916618
301513,52.050369,10.007211999999999
301708,52.502083,8.15973175
300362,52.20064,10.009096
302103,52.265392500000004,9.3147035
303023,51.0056725,8.942257000000001
300525,52.300978,10.394093999999999
301859,52.6236975,7.7629430500000005
301886,50.450318,7.699260199999999
302858,52.0299205,10.1548795
301696,52.256639500000006,9.6861125
302072,51.655590000000004,10.171544
301480,51.244524999999996,7.87334435
300548,52.428747,10.466196
302190,50.588562499999995,7.6578181999999995
301873,52.195195999999996,9.8977235
300894,51.616095,9.984645
301606,51.1367475,11.284407999999999
300639,52.151317500000005,10.2289505
302595,52.070532,8.991004499999999
300274,52.1873925,10.094561
300866,51.546889,9.8586345
302698,51.462025,9.20088875
302476,50.861135000000004,9.8806995
302677,52.464827,10.2128905
301655,52.1178915,10.037187500000002
301121,52.089634000000004,9.5026595
300107,52.0736675,10.120276
300314,51.548688,9.8276185
301388,51.853079,10.300795999999998
302111,51.359316500000006,9.330221
301967,52.205145,9.623458
300199,50.58142,7.6429383
301339,52.1254485,10.3881505
301162,52.089228,9.5752135
300009,50.5678595,7.66541015
300340,50.83847,8.3111637
303057,51.822725000000005,9.43396375
301724,51.6285325,9.68405
302591,51.442177,10.073910000000001
300224,52.152778,9.89177725
303138,52.1655735,9.99273
300889,51.899221499999996,10.085125999999999
300928,52.075381500000006,8.940637500000001
301682,52.0648895,10.141762
301761,52.096625,10.23782
300507,52.2378825,10.4433265
302576,50.6377545,8.71231975
302424,50.72558,8.091695999999999
302513,51.654366499999995,9.9610685
301398,51.8333375,10.125379500000001
300223,51.8420445,10.613094499999999
301487,50.321125,7.6573725
300776,52.05539,9.116088
302852,52.2502135,9.8977915
302437,52.3950525,10.0932755
302063,52.155899,10.097719000000001
301265,52.3833695,10.0619445
302522,52.2213345,9.3490895
302280,51.7934425,10.1537265
300925,52.136483999999996,9.453157000000001
300275,51.741806,9.5133265
301147,51.9944265,8.208330499999999
302560,51.5041575,9.5465035
303049,52.129265000000004,10.063758
302415,51.7675115,10.51937725
302451,51.152004,8.9161425
303072,50.504566499999996,8.148879
301539,52.3194525,10.051701000000001
300669,52.165122999999994,9.8650135
302893,52.103403,11.115387
301302,52.193792,10.2762505
300697,52.053413000000006,9.860344
302195,51.742783,9.674959999999999
300168,51.907257,8.6113185
302362,52.2160075,10.180262
302826,51.930486,10.5262205
301841,51.9125825,9.3887065
301661,52.3787365,10.000148
302258,52.4682045,7.7808688
301275,52.21182,10.549315499999999
301434,52.189457000000004,11.7482935
302065,52.19825,8.948041499999999
301034,52.00309,10.677964
302951,52.186231500000005,8.842603
301853,51.889264,8.887720999999999
303096,51.752462,9.467468499999999
302367,52.2783395,10.5153955
301463,52.157310499999994,9.7441545
300250,51.852275,7.93290865
301526,50.804615,11.284537
302273,51.919034499999995,10.08199
302112,50.7147475,7.64418035
301149,51.838651999999996,8.99445
302276,51.777349,9.750405
300631,52.213225,7.790149700000001
301832,51.98384,9.046841
301984,51.46293,9.434739
301349,52.0605925,9.1623815
302265,52.1116365,11.381194749999999
300804,50.425363000000004,7.670814
302889,52.055154,9.7658685
300973,51.1573665,7.68156525
300120,50.5062235,8.347198299999999
300259,50.251037499999995,11.826323
300557,52.203271,10.191868
301838,51.759571,10.162874
300023,52.138122499999994,11.182201
302973,52.126459999999994,9.1578055
302953,51.092996,8.9245115
301617,51.465878000000004,7.91024515
301432,51.6054275,7.8662497
301029,50.461082000000005,7.5941221500000005
302066,51.9046225,9.686378999999999
300211,52.1608105,10.25278225
302058,52.043604,9.9609555
300014,51.645611,9.478723500000001
301290,51.9261015,9.2206265
301798,51.926185000000004,9.7740175
300666,52.246915,10.4504235
302163,51.6075065,10.2535965
301189,52.131586,9.99567475
300361,50.7981435,9.0242535
302986,52.024702500000004,9.81008825
301828,50.577017,11.441917
302032,51.32835,9.367526000000002
302305,51.982479,8.7715625
301870,52.284991500000004,8.9012365
300942,52.09863,9.0425605
300621,52.1068665,9.01354025
301849,52.034482999999994,10.182646250000001
300718,52.100378,9.977997
302393,51.5712925,10.703216000000001
300056,51.7735665,9.702122
301856,52.205495,10.079024
302456,52.10687,9.921509
303106,51.9384405,10.106573999999998
302328,51.676687,9.948682999999999
302498,51.4679065,9.946683499999999
301186,52.001278,9.148049
300753,52.3653565,8.7709995
300533,52.056403,8.3747565
300725,50.7784255,8.1196715
302056,51.389773500000004,7.91817065
301269,51.7130905,9.884937
302613,51.895449,10.986977
300653,50.582603,7.981589
302230,50.51104,7.76316525
300833,50.461149,7.6573994
300858,51.676392,8.216255
300972,51.0120835,8.475539000000001
302645,52.2243585,10.103467
300760,52.0247155,10.0039805
300678,52.145785000000004,10.0976935
302002,52.6113225,7.82309155
302212,52.133074,9.316941499999999
303109,52.158201500000004,8.9199485
302165,51.664283999999995,8.430406
302255,51.976366,9.489933
301210,52.2892875,9.243030000000001
301713,51.389249,9.8101495
301138,51.5675985,10.17418075
300202,51.7655285,8.900875
300717,51.718688,8.756861
302306,50.900564,8.2805535
300961,52.374362,8.2384655
302144,51.891901,9.821623500000001
300470,51.9921285,10.818348
300052,51.725233,10.084382999999999
301769,52.1054745,9.540965499999999
301633,51.945103,10.000041499999998
302638,52.2055035,11.290136
300932,49.5614675,8.777376499999999
300524,52.3561015,8.214097500000001
300412,51.654634,9.815237499999999
302188,52.0208265,9.90691
301133,51.996432,10.074989500000001
301135,50.6359375,7.651517
301246,52.2563325,10.0753335
300214,51.909786,9.582775
301946,50.613554,7.62300895
301163,51.838788,8.820065
300745,50.525185,7.616057850000001
301936,52.258606,10.5962975
301239,51.520281,10.2577795
301058,50.3570405,7.5987860000000005
300372,52.110555500000004,9.710286
302069,52.1303985,8.5476855
300883,52.191052,10.3323335
302948,51.91736,10.2000715
301428,50.375713000000005,11.913865999999999
302635,50.435001,10.0089115
302932,52.386862,10.073359
302845,52.003695,7.67188115
300691,52.4013195,9.403248
302597,51.887613,9.396567000000001
302750,50.7829235,7.6518922
301165,52.201903,9.953777
301611,51.5778165,8.021312
302559,50.4555855,11.66125025
300971,52.2412015,9.788906
302702,52.45845,10.782824999999999
300104,50.5870895,7.6573725
301686,52.114650499999996,10.103298
301079,52.0243915,9.390146
302445,52.16978,9.916333000000002
302803,50.4291135,7.67495275
300686,50.32337,11.945902499999999
300278,52.2010115,9.9038975
302491,52.455330000000004,8.4758625
303121,52.056105,10.05776
301267,52.232315,9.370073
300597,51.314653,8.159566
301944,51.479553499999994,9.6736545
302061,52.129791999999995,9.7036375
301471,52.013403499999995,10.096353
301988,52.324567,10.132411000000001
300852,51.941078000000005,9.729303999999999
300844,50.6434325,7.7830195
300600,51.9669475,9.6567185
303048,50.667133500000006,9.8990085
300808,52.650915,7.7614697
300325,51.690135,9.86833
300797,52.3052445,10.088661
301067,50.359516,7.7332785
302650,50.344879000000006,7.62984035
303094,51.936786999999995,9.4967875
300005,51.913816499999996,9.99445
301982,51.354521500000004,8.684915
301494,51.840232,10.13795
300983,52.053132500000004,9.9660105
301998,52.2757875,11.355439
302147,51.201167999999996,9.2764415
302539,51.1144135,8.2367275
300475,51.831973000000005,9.993446250000002
300476,51.889565000000005,9.982622
301521,51.0218065,7.8926583
303013,52.265958,7.9495495
302670,51.194233,9.9180715
301850,52.0137595,8.9317685
302994,50.5501475,7.67706075
301883,51.974514,10.1969085
302060,50.657947500000006,7.6213122
301974,52.266328,9.927973000000001
301274,52.069587,10.230316
301560,50.697044500000004,8.8620798
301920,52.218151000000006,9.98131275
301730,52.141793500000006,10.0247545
300142,51.519909,7.783701499999999
302454,52.0299275,10.287951
300294,52.136915,9.93559825
302993,51.2343015,7.9936895
302612,52.158530999999996,9.99415725
301637,50.825498499999995,7.6176578
300904,51.634415000000004,8.5996505
300308,51.985417999999996,9.1793345
301266,51.023019000000005,9.557354499999999
301286,52.3316365,9.0091725
300348,52.251153,10.0194005
301144,50.596033000000006,8.23339985
301158,51.6123815,10.014185
302455,51.230328,9.621704
301268,51.9702925,9.9966335
300366,52.196308,8.733330500000001
302944,52.1775765,9.39492125
300103,52.032452,9.8815295
301989,51.692556499999995,9.290841499999999
302758,51.88913,8.906086
303051,52.131519,10.134902
300483,50.9640995,11.566446
302732,51.236520999999996,7.599487
300818,51.9041405,9.959128
300323,52.0409565,8.954242
303056,51.773334000000006,8.202611
302430,50.417905000000005,7.6748002
300464,52.0590565,9.690687
302579,52.075097,8.659097
301405,50.9026755,7.66181995
302664,52.132431,9.9764015
300876,52.13126,9.406769
302219,52.0881335,9.6800675
302353,50.535658,7.735382550000001
302256,51.770261500000004,10.876622
300431,50.9073275,9.4722475
300424,50.905855,8.916578000000001
300069,50.3781765,7.61743495
302689,51.0356775,9.010717
300017,51.077933,9.47615875
302838,51.951815999999994,9.61153025
301584,51.2588485,8.8700185
301600,52.1097695,9.140912
301484,51.7540345,7.9004469
301477,52.0079015,8.557212499999999
302369,52.1348335,9.541325
301711,52.107078,8.909866000000001
300173,50.729085999999995,7.988154
300834,52.105587,9.7771835
301131,51.969595,9.894783
302248,51.507955499999994,9.618742999999998
302156,51.7227455,9.248113
302146,52.3163985,8.43649585
301503,52.2287635,10.2210445
302801,50.46463,7.71224615
303052,51.94553,9.9106955
303101,50.3515165,10.3824305
302471,51.818237,9.810090500000001
302345,51.897665,10.1508825
301752,52.2135335,9.879604
302246,51.823456,10.142307
302892,52.045763,10.342472749999999
302777,51.845398,9.62493175
300178,51.8567365,10.34532175
300242,51.995827000000006,10.1500965
301840,52.106536500000004,9.3340475
301628,52.1645565,10.104450499999999
301679,50.649435999999994,7.6804198
301991,51.5012325,9.3759335
301918,52.0681785,9.727697
301012,52.0909595,10.106319500000001
302231,52.1689285,9.324284500000001
300654,51.801241000000005,9.954271
300865,51.974039000000005,9.253794
302307,52.5526325,7.94349875
301700,52.043189999999996,10.020288
302284,52.332505999999995,10.161653
300257,52.6644285,8.070466
302556,52.420575,9.7358705
301093,52.064681,9.740626500000001
300723,51.736185,9.013924
302187,51.881135,9.326848
301185,51.0679635,10.059006
301794,51.865911999999994,10.7470565
300917,52.400448,11.742552
301643,52.162426999999994,8.7664085
301669,52.0980135,10.077551
302594,51.8974625,10.447264
300044,51.8379625,9.50969375
302041,52.235613,10.221060999999999
302753,52.5551615,7.7541118
302363,52.0437875,8.13963265
301609,51.825201,9.663756
301379,52.415117499999994,7.8122102
300837,51.558692,10.06520875
302653,52.067682,9.73410925
303022,52.032942000000006,8.917908
300445,51.946269,10.116544000000001
302770,50.4615745,11.917726
300840,52.5173025,8.55968
301536,52.405066500000004,9.530850000000001
302238,52.253246000000004,9.5185415
301337,52.640899000000005,8.551619500000001
302349,50.298999,7.5987860000000005
301993,50.7463475,7.89963815
302834,52.187659999999994,10.009617500000001
300536,50.870532,7.893106
302172,52.28179900000001,8.761161000000001
300551,52.467149500000005,11.3766295
301538,51.865475,9.8769575
300236,51.720284,10.295539
302747,50.34717,7.6495197
300195,52.542411,10.40302
302376,52.339368,8.126705999999999
301418,51.913270999999995,10.073749
300377,50.741583000000006,7.70973315
301756,50.935548,9.0835975
302737,52.3400345,10.039954
301117,52.650915,7.950789500000001
300706,51.4414665,9.416339
301022,50.8504715,7.706027799999999
300064,51.769239999999996,9.0580035
301737,51.3113965,9.846403500000001
301597,50.471077,7.460709850000001
302928,52.410586499999994,8.156808
302590,51.537655,10.437870499999999
302077,51.3303615,9.428255
303133,52.133250000000004,9.929507000000001
300404,52.2260665,9.765359499999999
300376,52.493758,11.5671695
300882,52.406227,9.641953
300935,51.96155,10.0499485
301506,52.2930485,9.880077499999999
302512,52.02471,9.9203705
300061,51.836777,8.465331500000001
302166,52.409774999999996,10.1638385
302081,52.082943,10.03556625
302816,51.405159,8.8444125
301085,52.1182965,9.852397
300329,52.3921565,9.57306375
301395,50.4950295,7.6240665
301386,51.564148,9.5924655
301719,51.909092,9.427185999999999
302016,52.0036735,8.907532
301015,52.232037,7.808683800000001
301260,50.6834415,7.7748763
300247,51.827493000000004,9.8560395
300022,52.134587499999995,8.629046500000001
301729,51.9770015,9.786666499999999
300101,52.3513215,10.411885999999999
301123,52.5936725,8.38322335
301089,51.9586275,9.042078
301320,51.7575775,9.6205535
302134,52.083995,10.0104425
300183,52.187991999999994,10.392842
302714,52.1787645,9.3597585
301441,51.5635325,10.028971
301048,51.868395,9.1080055
302532,51.121306000000004,9.891219
300234,51.855708,10.1034015
301694,52.1637195,10.0049265
302514,51.272538,10.635518000000001
301060,51.773872499999996,10.02733
301157,52.6709175,7.78523805
301110,51.9768845,9.720886499999999
300986,50.847129499999994,11.8808215
301399,52.2623535,10.299274
302414,51.7701115,8.932398500000001
301300,51.0364705,11.800746
301626,50.922698499999996,7.7621591500000005
302567,52.6193835,7.7823165
302288,50.503783999999996,7.597978599999999
301361,51.410025000000005,8.67791875
301788,50.738628500000004,7.6326733
300328,52.213750000000005,9.931187999999999
302854,52.088359,9.984323499999999
300687,52.109182000000004,9.784888500000001
301676,52.358065,8.2826065
301003,52.066185000000004,10.106131000000001
300949,52.184423,7.78844645
301205,52.1316035,10.509824250000001
300260,51.590435,9.8275665
303037,52.1273725,10.182455000000001
300906,52.045407499999996,10.039336500000001
302440,51.08979,11.5026025
301280,52.100507,10.1572295
300841,52.44792150000001,9.12693325
303128,51.750252,10.17630325
302851,51.034904,11.378322
302644,51.2825415,8.6726925
300134,52.1355075,9.927134
300465,52.2580385,9.9310155
301182,50.9760775,7.75686505
301325,51.8922485,9.866105
301415,52.444565,8.287858
300749,51.7902505,8.210836
303124,52.2618595,10.1775925
300586,51.261722000000006,8.8686065
300945,52.176067,10.0501605
302626,51.419754999999995,9.508373500000001
301470,51.462591,8.623882
300959,52.2943025,8.8976685
302572,51.936877,9.550069
302012,52.57391,9.5974815
300429,51.400305,9.4881745
300572,52.098714,9.9708555
300170,51.174555,8.7570845
302809,50.06125,9.442031
300629,52.143592999999996,9.21791475
300336,52.147936,10.152125000000002
300079,52.019825,9.5634755
300567,52.129830999999996,10.142562
301078,52.254341,10.0728305
302068,52.394686,10.493777999999999
302496,50.9055115,7.8532767
302788,52.165592000000004,10.014660500000002
302799,52.5677165,10.827726
302091,51.83355,9.9262275
302501,52.3258705,9.921562999999999
300437,52.35044,8.964246500000002
301231,52.11857,10.003921
302329,52.4507865,10.4346225
300141,52.162471999999994,10.213454
302998,51.383581,9.6961455
302975,52.1930615,9.5608345
301921,52.101193,9.884239
300613,52.098471,9.958937500000001
300768,52.2368525,10.034477500000001
300219,52.131158,9.183623
301102,52.213571,9.921420000000001
301053,51.8275225,9.658076
300492,52.044262,9.656751
301234,52.144208500000005,9.6173335
301512,52.203624000000005,10.110187
301176,51.9422685,9.8648035
300954,51.973976,10.0155855
300867,52.052059,9.7081035
302100,50.365871,7.6621089
302730,52.1321545,9.3957115
302927,50.9677085,9.368251
300520,52.2370775,10.2634325
302385,52.218465,9.770724999999999
301517,51.896985,9.83187425
301483,51.986975,9.502841
301486,52.236450500000004,10.292999
302917,51.9204065,8.9843215
300161,52.2065425,9.1234065
301671,51.971262499999995,10.321010000000001
300774,51.918833500000005,10.4467195
300414,51.837699,9.3710935
301214,52.445333500000004,9.816957500000001
301813,50.500856999999996,7.67421885
301792,52.1140175,11.4105795
301639,52.370847499999996,8.517841749999999
300659,50.808593,7.66681505
300117,52.2144865,10.120835499999998
301716,52.03536,9.6793445
301284,51.4312925,9.747414500000001
301592,52.060976499999995,10.2017545
300474,52.007138999999995,10.183203500000001
301118,50.455084,11.992740000000001
302133,51.862937,9.154897
300504,52.4470285,10.144465
300433,52.17327,10.082778000000001
301914,51.4733435,8.797148
301585,51.7657985,8.891035
302616,51.544355,9.49336725
302148,51.88367,9.824155000000001
300655,51.8995965,9.951565500000001
301945,52.09631,9.705532999999999
302592,52.2961215,10.107724000000001
302398,52.23668,10.259592999999999
302290,50.684129999999996,7.848174
303001,51.399256,7.777238499999999
302967,51.7669275,10.02202775
302945,50.503468999999996,11.816158
302624,51.348025,8.6898035
301814,52.1695255,10.3995265
302140,51.800128,9.4531805
302716,51.247501,8.6420215
301789,48.273592,9.533760000000001
302397,52.202304999999996,10.110823499999999
300133,52.262833,10.233487
300657,51.9710425,9.8297305
300594,52.072719500000005,9.6056405
302552,52.003851999999995,8.72144385
302381,51.752104,10.587543499999999
300090,51.963499,9.257729000000001
300708,52.0506485,8.709561
300893,52.180445000000006,9.783686
301641,51.968408999999994,9.210891499999999
300144,51.15897,8.651342
300080,52.560045,8.439641
300667,51.725795,9.677811250000001
302005,52.015301,10.287588
302317,51.825117500000005,10.2917495
302177,52.0758115,9.828242
302969,51.007126,7.804698
300277,51.209488,9.161348499999999
301155,52.177631000000005,9.9532435
302658,51.878752,9.7740245
300810,50.482378,7.5791068
301195,52.0904175,9.553704
301571,52.0668725,9.929400000000001
300519,52.0618635,10.102123500000001
301549,51.353312,9.343981
300763,52.1695615,9.3555155
302580,51.307712499999994,7.7604690000000005
300108,52.1436625,10.188535
300782,51.898962,8.7079825
301420,50.343834,7.7462008
301649,52.62838,8.183309
301209,52.398508,9.366073
301424,52.118093,10.223075999999999
302865,52.3183035,8.78718925
302811,51.234107,9.254879500000001
301613,50.3572575,11.6244075
302429,51.944736500000005,8.4848945
301282,51.2579705,10.058358
301129,52.1187285,9.60721
302285,52.3240585,10.2193925
301796,51.933998,9.089476
302241,52.291624,10.4854505
301004,51.78530000000001,9.76514775
301445,51.1946265,10.8171525
303135,51.2018335,7.62702
301544,51.880385000000004,10.0996415
303009,50.841226500000005,9.8914035
302438,52.076074500000004,8.9290685
302364,50.398758,7.6100075
302870,52.1339855,10.5407575
301174,51.66297,8.938779
301942,52.145103000000006,9.73775075
302380,51.763848499999995,9.888939
300322,52.111071,9.8396495
301913,52.041638000000006,9.5728655
300262,52.338016499999995,10.8273435
301878,52.1187115,10.011100500000001
301938,51.921873500000004,10.133582
300995,52.412966,7.71215275
300532,50.611768999999995,8.506593
301081,52.0878185,9.778560500000001
302254,52.3374435,10.3271055
302697,51.833166500000004,9.46255325
300976,50.575615,7.6821947
302923,52.6709175,7.7929845
303006,50.984480000000005,8.4851675
300059,52.115236,10.27599
300312,50.3690735,8.182808
302426,51.009247,9.1571525
301514,50.310209,7.6597846999999994
302814,52.413579999999996,10.254016
300683,51.8820345,9.403468499999999
302682,51.8521195,8.1894095
300946,51.705622500000004,9.711247
301822,52.261311,9.0270315
302568,52.242474,10.5988065
300025,52.283933000000005,8.6573085
302007,52.03008,9.7138695
300295,52.0028,8.965883
302245,51.905105,10.029531
300602,51.495281000000006,8.4420175
302143,52.4983815,8.169606
301333,51.9404885,8.897733500000001
301910,51.73604,9.970747
300416,52.063696,10.434864000000001
301492,51.986059999999995,9.921569
301625,50.581646,11.698715
300463,52.0540235,8.39740175
301374,50.846784,7.786626549999999
300012,51.825694999999996,8.15597
301577,52.1603825,8.6005415
300579,52.320816,9.236978
302315,52.130184,10.1562205
300816,52.096207,10.078192
301046,51.6744655,7.68347905
300931,50.321684000000005,7.706421300000001
301153,52.007751999999996,9.518628
302043,50.645033,11.8425145
300081,52.3420775,7.955579500000001
302771,50.851867,9.1689955
302312,52.217442500000004,10.1441175
303136,51.219179999999994,8.2396078
302104,52.099306,10.165194
302263,51.965075,8.323173
302672,50.7486325,7.7940533
302299,50.533412999999996,7.963249149999999
300580,52.10922,10.0233685
300952,50.6608905,7.6376328
301904,52.3095415,9.9162435
302086,52.046656,9.801513
302488,51.278845000000004,7.72701925
300890,51.3819225,7.8297342
301835,50.7287735,10.677614250000001
300439,51.236574,8.479441999999999
302530,52.243265,10.029838999999999
303058,52.597375,8.099081000000002
300320,51.772735,9.670318
300395,51.742738,9.49147
301232,50.52101,7.67444185
300853,51.2531865,11.0159815
300057,51.1177005,9.5445765
302181,52.0624435,10.790372000000001
301908,51.4632645,9.5358915
300286,51.7210135,8.457558500000001
302754,52.1196315,10.271758
301864,51.921791,10.0304985
301369,51.908182499999995,8.910083
300403,52.133547,10.279816499999999
300258,51.969073,9.3501795
301509,52.046132,9.91216175
302259,50.528504999999996,7.7212138
302633,52.071380500000004,9.028602
302906,52.2537985,9.513195
300828,52.141082499999996,10.0505785
302525,51.549731,8.7518755
302669,52.2125865,9.4440855
302950,51.504833500000004,10.264716
301842,50.638431499999996,12.045128
302728,52.160877,10.141005
300268,51.04881,9.8089975
300394,52.091885,9.0551655
300448,50.6383315,9.2398635
302128,50.456701,7.6326733
302696,52.609363,8.02110975
300175,49.56715,9.6757545
300402,51.967109,9.6645295
300495,51.3815595,9.282495
302478,51.629211,9.485317
302604,51.1448575,7.8580570000000005
300494,51.988079,10.333097500000001
300018,52.187982500000004,10.635096
300641,52.315711,9.864739499999999
300638,52.024065,10.0626205
300398,52.196678500000004,9.8579235
302895,52.0415895,10.012394
302264,52.154585,10.117834
300332,52.0326975,10.783324
302493,52.1934015,9.619319
301764,52.104127,9.865838
302822,50.761039,8.2114463
302485,52.4712105,9.722977499999999
302774,51.2991185,9.9447925
301786,51.329393499999995,8.6448025
301578,51.226012499999996,9.8177425
301685,50.6055,11.9539775
302680,52.211041,9.960654
301248,51.3743405,9.3587065
302683,52.1832105,10.22454175
300105,52.1938175,10.1088575
300338,52.026222,10.166704
302655,51.951166,10.168890999999999
301271,52.0022735,8.07137265
300967,51.678636499999996,9.7243675
302271,52.061806,10.208465499999999
300811,52.020626,9.6135355
300099,51.904754999999994,10.07389575
300147,52.37824500000001,9.996063
302431,50.321505,7.7179777000000005
301326,50.272915,10.4908585
301496,51.655986,10.3748905
300208,51.8971045,9.769993
301014,52.214149500000005,10.506212000000001
301212,51.945722,9.662008499999999
301489,52.0038265,8.79375325
301812,51.8986565,10.0221515
300351,52.147412,9.978385
301455,50.5739995,11.9636995
302386,52.123335,10.025201
303086,49.8501085,7.937365
300288,50.674862000000005,8.176168
302279,51.624128,10.466315
302340,51.84653,9.180942
301887,50.5322285,7.7144150499999995
301787,50.252505,7.6595455
301627,52.2617275,7.83140115
301318,50.674527499999996,7.5987860000000005
302673,50.5601365,7.6104357
302374,50.476029,11.876138000000001
301951,52.1136215,9.555530000000001
302450,50.681687,7.6324503
302017,50.99613,10.0355155
301983,52.059734,9.584479
300564,52.286525,8.855629
301031,52.15045,7.87538475
300477,52.055277000000004,10.039434499999999
303126,52.127043,10.073099
301387,50.325306,7.793046
301551,51.9254835,9.308580500000001
302403,51.837247500000004,8.5106745
302605,52.136437,9.6388105
300637,51.6410485,10.065716
302744,51.113408,9.029142
300390,51.722654500000004,8.9662465
301063,52.122913999999994,9.98577
303074,52.0480625,9.4746195
300929,51.8531375,8.854878
302531,50.821448000000004,9.235427000000001
300349,52.16894550000001,10.0838555
300905,52.0318175,9.854518
302460,51.4993085,9.360768499999999
300041,52.1341575,9.59703
302751,52.162128499999994,10.339029
300915,51.973241,9.893049999999999
302004,50.602712,7.597978599999999
302465,52.1011715,10.3759505
301169,52.1282875,10.0590375
303099,52.3750865,10.2333165
301330,51.915292,9.8057515
302487,52.3577745,8.629811499999999
301368,51.540709,10.563584500000001
302189,51.9674645,9.303559
302199,51.833603499999995,9.886008499999999
300900,51.671170000000004,9.81652
300311,51.016289,9.82523075
302632,51.3796285,9.856819999999999
302021,51.2869915,9.2679325
300460,51.813595,7.7346553
300137,51.517826,9.4458785
302578,52.3019285,9.32658
301261,51.241597,9.6445155
302243,50.38198,7.61743495
302184,50.748883,7.85938485
300156,51.448145,9.84964175
301546,52.5112875,9.426516
300875,52.292992999999996,10.164664
302606,52.140934,9.918256
302755,52.4243765,8.569194
301256,51.479195000000004,10.161993
302051,52.0445835,9.6860335
302688,49.680766500000004,9.960693
300703,52.454732,8.4346015
301351,52.2686975,9.842846999999999
302812,50.450905,9.854481
301743,50.673514999999995,8.28169
301092,51.342695,9.361914500000001
302201,50.4776895,10.4556035
302790,52.020694000000006,8.14749665
302797,52.052902,9.6319595
302991,51.9493665,10.035048
302461,51.8757,9.1537605
301430,51.74469,9.849963
302170,52.132427,9.976951
302080,52.489776,8.8358705
301749,51.491956,9.823007
300162,52.3786145,11.661346
302224,51.95797,9.758236
301006,51.503206500000005,9.403181
301013,52.237465,7.824676
300387,52.2243805,9.612591
300078,51.8734775,10.063495
302615,50.4416325,8.578989499999999
303034,50.444225,7.896800649999999
303093,50.583506,8.9216485
300868,50.4612695,7.6821947
301566,51.95811,9.620899000000001
300160,51.9829985,9.883783000000001
301784,50.8915925,8.561194
300346,52.1506465,10.165852999999998
302048,51.9372725,9.3532315
300907,52.1051715,10.297052
302026,51.714825000000005,10.1737425
300480,51.9759365,10.291138
300571,52.0272325,9.8936145
302640,50.588091,7.7109348
301793,52.545011,8.011198349999999
302336,51.7891865,10.013643
300457,52.0086065,9.478518999999999
300981,51.580748,9.1956435
303132,50.615322,11.777651500000001
303088,51.2609085,7.6960517500000005
300987,52.218383,9.905410499999999
302377,52.202494,9.635919
301502,52.5351565,10.460339000000001
301317,50.761415,7.7393894
300538,51.54385,9.4691705
300309,50.840937499999995,7.6768353000000005
302160,50.47941,7.6135785
301247,50.5885465,8.0401435
301893,52.0451755,10.118291
301959,52.028378000000004,9.9802765
302119,51.774015500000004,10.363427999999999
303076,52.27212,9.5568965
302318,52.0542045,9.0694825
302047,52.0327615,9.9137935
301519,52.0603525,9.45356275
301591,50.4532125,9.394070249999999
300970,50.507147,7.6176578
300409,50.595107999999996,7.6810365
303059,52.0987815,9.630046
302467,51.175506,8.2289375
302972,52.200008499999996,10.0202975
301482,52.351589000000004,8.12638025
301243,52.015035999999995,10.0328385
301935,51.889196,10.2574175
300535,52.204935,9.9778765
300298,52.192439,9.220774500000001
302794,51.7474995,8.3028745
302022,52.292792500000004,10.1045665
301895,51.568783499999995,9.3574375
301595,52.080201,9.148635500000001
302179,51.955335500000004,10.127509499999999
300370,50.426055500000004,11.77417
301623,50.558603500000004,7.6326733
300413,51.881585,9.476613
302867,52.330963,10.428198
301116,52.0001,10.8418195
301145,52.011402000000004,9.077835
300155,52.120745,9.7217375
300026,52.0172585,10.108016
302274,50.6626925,11.0643805
300048,50.614360000000005,7.7750470499999995
300777,51.6349165,8.7335735
302914,52.386048,9.284911
301843,51.5671725,8.7003
302417,50.534218499999994,10.0011615
300979,51.247898,8.033718149999999
300245,52.023374000000004,8.908014999999999
301912,52.330259999999996,8.7572185
301640,51.966077999999996,8.9960185
300317,52.376793,9.37892
302351,50.485648999999995,7.6711952
303137,51.4269565,10.376812999999999
301168,52.183855,10.1268145
302995,52.479145,8.720736500000001
300573,52.10701,10.303663
301723,49.962424999999996,9.594496
300843,50.818293499999996,10.0773425
300643,52.6345805,9.752331
300357,50.863977500000004,9.52054375
302432,50.911665,11.221376
302813,48.397276,9.545358
300716,51.6651405,9.93464275
301534,51.966187500000004,9.880603
302823,52.386735,7.7454065
302090,52.350874000000005,10.116003
301795,51.889250000000004,10.012867499999999
300109,52.263265000000004,9.525976499999999
302729,52.5446525,8.43039
301429,52.392605,9.588845
302373,52.5074975,7.73554685
301010,52.2673335,10.778065250000001
302027,50.5710445,7.6833963
301629,52.0694275,10.0937915
301707,51.258454,9.782307
301736,52.10037,10.341823
300327,52.226247,9.96341575
303100,52.109003,10.1318145
301442,51.95967,9.860319749999999
301871,52.075305,10.0826285
300857,51.9411525,9.5929555
302178,52.1145365,8.144819
300514,51.900535,8.805744
302319,52.313012,10.5797885
302545,52.065343,9.9679065
302833,50.472055,7.56410965
301224,52.1564335,10.075511500000001
300821,52.33925,9.729693
301689,51.854785,9.7425385
302099,52.1819555,10.355542
301773,52.0170575,9.616484
300365,51.688865500000006,9.534600000000001
300045,51.739424,8.943914
300856,52.168476,9.964399
300482,52.0805645,10.048509
302573,50.7459475,9.98685175
301011,51.348341000000005,7.968355
303041,52.407217,9.7132815
301816,51.347805,8.919407
303033,52.310441499999996,11.338011999999999
301039,52.056785500000004,9.3876135
302821,51.109836,9.240922999999999
302810,51.730625,9.892222499999999
301016,52.22831,9.7912555
300498,52.061603500000004,10.0497805
300497,51.7784915,9.8415155
302392,51.5720075,8.610662
302205,50.816558,7.673848850000001
300098,52.2472075,9.708855750000001
300020,52.1317005,10.013558
300517,51.391504499999996,9.865132
302378,50.999574499999994,7.9102993
301419,52.363020000000006,9.989897500000001
302752,52.0741445,9.799085250000001
300896,52.375901,8.768395250000001
300458,50.830752000000004,7.84104895
303025,51.8699035,10.09231775
302286,51.986562,8.745557
302396,49.952868,11.716465
301304,52.2278635,9.77639375
300177,52.203533,9.282139
301295,51.7652415,10.02158775
302609,51.952168,9.9194445
301574,51.0601805,9.710461500000001
301086,50.352216,9.2562875
301171,52.142075000000006,10.032508499999999
301645,50.447035,7.61743495
302835,51.938274,9.9664395
301836,50.498096000000004,11.8395115
300339,50.4037915,7.7917844
302792,51.818754,8.721245
300038,50.336855,7.991084000000001
300648,52.562974999999994,7.7525788
302337,52.384100000000004,9.335829
301009,51.9128275,9.3449995
302244,52.5490085,11.175315999999999
302089,52.1880375,10.133588249999999
302479,51.294264,8.2528125
302084,52.3699055,11.303112500000001
302220,52.0756455,8.8674185
300407,51.253572500000004,10.072194
301393,51.615941500000005,10.1820795
300270,52.06035,10.0648065
302985,52.618415999999996,9.1548535
301042,52.2048575,9.5963885
300778,50.548452499999996,7.7161550000000005
302240,52.364501000000004,9.648543499999999
302574,51.022494,9.867601
300755,51.880119500000006,9.8069185
301952,52.431417499999995,8.21451
300977,50.504234,7.68091735
301439,50.698615000000004,7.6655713
302887,51.578228,8.983638
300452,50.5084315,7.64898865
301179,52.345349,9.390726
300855,51.69404,9.509378
301699,51.527135,7.7177944
302802,52.2609555,9.389618500000001
301090,51.899801,8.535938
300846,50.485763,7.6213122
302382,51.64586250000001,9.85079125
302076,51.8582035,9.130537499999999
301040,50.4719715,11.93628
302553,52.237700000000004,7.9091395
300343,52.2793425,10.381676
300589,50.7353625,8.06908415
302232,52.242962,8.777297
302097,51.480075,9.9328955
301899,50.1560595,9.152063
301226,52.014622,8.362793
302309,50.9573435,7.8025856000000005
300089,52.382326,9.200711
302686,51.947112000000004,9.136136
300400,52.0248615,9.278839
301343,51.877802,9.7468505
300248,51.582029000000006,10.3351
301732,50.45966850000001,7.82567975
300281,52.672944,7.8641892
300939,50.43436,7.65488165
300252,50.60938,7.7220908
302920,50.4641245,7.6658332
300908,51.7485885,10.324838
302925,52.45612,10.106836000000001
300091,52.504085,8.141459999999999
301064,51.872812499999995,9.4298845
301414,52.451118,7.9157486
300143,51.815567,9.2814905
301868,52.3199585,11.376071
302952,52.025633,11.05985875
302982,52.0113415,10.0432725
302013,52.191956000000005,10.0040555
302618,52.0879305,9.80546825
300817,52.062780000000004,9.23311475
303091,51.9164525,10.3349035
302484,51.6965325,10.1985025
302197,52.107527000000005,7.9324651
302685,51.904934999999995,10.0140955
300632,52.223526,10.3497675
300315,51.9002895,10.136315
300125,50.5704715,7.6592035
300040,52.057168000000004,10.187155749999999
301612,51.240965,10.1438825
300590,52.66994149999999,7.79498925
300968,50.898497,8.0886155
301690,51.264021,8.824811
300627,52.2746635,9.410597500000002
301593,51.8476105,10.0244645
301024,50.789173,7.88661965
301315,50.876425,7.815599349999999
302743,51.9562535,8.74781525
300033,51.8613205,9.685270500000001
300304,51.59169,11.276550499999999
300584,51.9992085,8.867618
301059,51.979895,8.9295705
302916,52.2065865,10.098252
300244,51.58057,8.084985
300847,52.2750245,9.6603785
302639,50.85684,11.869111
302824,50.637297000000004,7.741263999999999
300450,52.0795175,10.1744665
302518,51.333065,7.903924
300649,52.6575715,8.3444255
302278,51.974452,9.974843
302252,52.059786,9.47716525
302458,52.031542,9.906128500000001
301065,52.116628000000006,8.9489465
302517,51.102232,9.2973425
300010,51.8674755,8.3325845
302268,52.055414,9.8441855
300013,52.2390075,9.98484
301775,50.402221499999996,12.0429305
302651,51.92754,9.598830750000001
302320,52.211705,9.468050999999999
301443,50.6750575,7.7662738000000004
302183,52.158632,10.083890499999999
301237,50.8065815,7.70677965
300167,52.29302,9.4091845
302106,51.76495,10.232742250000001
300800,52.129316,11.62544575
301992,50.388275,7.6324503
300805,52.0461115,10.1054005
301739,51.175275,9.5212685
302406,52.1828535,9.897878500000001
300196,52.112016499999996,9.893437
302152,51.272588999999996,8.507456000000001
300197,50.565149000000005,7.70711685
301225,52.520405,8.906452250000001
301204,52.145553500000005,9.706668
300496,51.8601525,10.139938
300110,51.9103715,9.9608115
301533,52.162009999999995,10.200828999999999
301101,51.9457015,8.661546
302912,52.295926,9.4983925
302924,51.206375,9.348915
301575,52.203914999999995,10.630069500000001
300854,50.6071035,7.6156325
301907,51.531134,9.00812775
300508,51.942396,8.271528
302779,51.751966499999995,10.3078565
300231,52.579912,7.9387033
301390,52.313259,8.565571
301550,52.267139,9.979576
301972,51.38047,9.861781
300767,52.11043,10.014193
300389,51.69605,9.96089525
302902,52.120804,8.345202
300241,51.817800500000004,9.8110795
301444,49.528795,8.0592925
302599,50.718505,8.26105875
301768,52.216331499999995,10.0012875
301587,52.117002,10.0551045
301112,52.048278499999995,9.7746635
300693,52.153745,9.106271499999998
302173,51.678483,10.579569
302621,52.012542499999995,10.041897500000001
301277,52.180128499999995,10.1551465
302984,50.66809,7.747813600000001
300582,51.9380525,9.7292725
303123,51.0454285,9.697925
300499,52.272911500000006,9.638495
302694,51.4484995,7.864882
301829,50.584346999999994,7.68375565
301510,51.573153000000005,8.59569925
302348,52.26388,9.055764
301288,52.0793565,9.637422
302979,51.9805365,7.8732907999999995
302881,51.020011499999995,7.79598545
302159,52.6229765,7.76105015
300540,51.941204,9.476232
300071,52.079452,10.0550185
302387,51.70399,8.823458500000001
300229,52.2725035,10.383301
300503,51.8141255,9.7250365
300461,51.854761499999995,10.1685915
300694,52.152680000000004,9.7772315
303055,52.10615,10.007079000000001
301564,50.527590000000004,7.6324503
300807,51.994763500000005,8.3060545
301644,52.0974675,10.3079405
300453,51.24562,8.3811858
302720,52.16345,9.070797500000001
302647,52.1652795,10.522722
300526,50.3630325,8.227601
300397,52.071493000000004,9.5246605
302695,52.1024035,9.923198
300606,52.017452,9.5805155
302519,52.194685,11.572798500000001
301823,51.853693,10.004633
300165,52.086535,9.28059
303010,52.004741499999994,9.90793
301215,52.224275,9.794238
301051,51.806585,9.97964625
300803,52.230135000000004,10.172402
300138,50.462619000000004,7.63087655
301457,51.962287,8.349241
300676,52.000814500000004,9.909619
301666,52.078693,9.81017
300085,51.8551335,9.4124485
300037,50.967321999999996,11.772435
301567,52.079912,10.1365555
303061,50.158407,7.642580000000001
302642,51.853767500000004,9.933789
301061,52.040655,9.858114
301307,52.5547385,7.7635243
300190,52.1580275,11.0257185
300924,50.901838,7.7212138
300385,50.24732,7.61743495
301194,51.5811425,9.81918
301410,52.2317325,9.707678
302075,51.8858015,8.978377
302186,51.274763,10.169506
301409,52.140761999999995,10.119396
303039,52.121719999999996,11.543374499999999
303012,52.041225,9.873694
302167,51.8531915,10.496947500000001
302740,52.1665115,11.18203625
302121,52.25341,7.7462008
302062,51.898462499999994,10.513047
302959,52.509827,7.67107605
301687,51.8627585,9.92813525
301847,52.5572645,8.856729
301111,50.898213,7.6176578
301747,50.933831,7.7039083999999995
301161,51.390789,10.1133635
302868,51.5543005,7.9491691499999995
301782,52.2104225,9.928604
302213,50.4298855,7.7788565
300746,51.206522,10.882185
302015,52.4837835,9.943966750000001
300122,51.979087,10.275766
301273,50.4293365,7.6429383
300951,52.2771135,10.136313000000001
301653,52.078340499999996,10.346376
302384,51.8816425,9.602118999999998
301148,51.3947465,9.417425
302719,52.107267,8.568852
300783,51.929790499999996,11.346809499999999
300166,52.209935,10.2895665
301844,51.854892500000005,10.0404395
301964,51.696878,7.7133993499999995
301262,51.864233999999996,10.082533
301037,52.60301,7.74573625
302764,51.7791825,10.221267999999998
300070,52.1707065,9.904927
301142,52.0187685,8.6993805
300462,52.210232500000004,11.649042999999999
300839,50.266265000000004,7.69524215
303066,52.527924999999996,7.9081591499999995
300388,52.049184999999994,10.394734499999998
300287,52.612946,7.9711493
301426,52.2148165,10.008866999999999
300547,52.0347885,9.756676500000001
302321,52.110079,10.096482
300353,51.724759,8.5037203
301052,51.818329,8.914540500000001
301425,52.103815499999996,9.742117749999998
301765,50.4321475,7.6100075
302463,52.302723,7.7343189500000005
300530,52.1046295,9.527476
301525,52.0477925,10.1086235
300466,52.5599555,7.7976408
300642,50.24526,8.1485345
301934,52.490579499999996,9.2512325
300521,52.0444145,11.70111475
302629,52.594305,9.655
300501,52.001422500000004,9.841149999999999
301459,52.320122999999995,9.736153999999999
300704,52.030365,8.8928945
301036,52.207897,9.9782005
301203,51.9449155,9.0873475
302897,52.468483000000006,8.9505955
301075,50.5188925,7.7639575
302483,50.8996675,9.4817225
302154,51.64361649999999,9.9092705
300733,49.19909,9.978155999999998
300675,52.1492715,8.282819
302999,52.2878415,10.053156999999999
302910,52.6411535,7.89411765
301192,52.054987,10.598832999999999
300869,51.8624025,9.505754
300552,50.4853405,11.9678665
301662,50.711183500000004,7.6678605
300384,50.475065,7.72796335
302872,51.9674415,9.12646425
302784,51.238856999999996,7.9126523
301353,51.991095,8.723958
302270,52.1332935,10.044194000000001
300399,52.357397500000005,7.76600365
302748,51.960027499999995,9.7551065
300566,52.353927999999996,9.658253
303004,52.0282785,9.2824065
302457,52.1565535,10.100924500000001
301298,51.932869,10.243357
302625,50.35361,7.6016327
301762,52.1279715,10.273426
301000,51.987722500000004,9.990757
300781,50.606954,11.2840105
302453,50.6075955,7.7821165
303047,52.514153500000006,10.346203500000001
302601,51.878795499999995,9.949903500000001
302371,51.741789999999995,9.670416
301950,51.8425515,9.972560000000001
301872,51.2092375,9.357741
300386,51.926187999999996,10.162666000000002
301421,52.0419105,9.1861
301885,51.4755805,8.848666
302292,51.851664,9.982587500000001
301924,50.493334,11.9492585
301710,52.044937,8.9645845
301668,50.7931095,7.7440679
302176,50.602931999999996,7.7480077000000005
302587,51.978605,9.9594185
301342,52.134615,9.055729750000001
301845,52.4016245,10.0696205
300427,51.928329500000004,9.482069
300682,51.9730435,9.1312395
301848,52.131904500000005,11.390170000000001
301820,50.6567635,7.70711685
300282,52.9200575,9.31392275
300820,51.861667,9.742794
302009,52.0625315,9.8006895
302510,52.283885999999995,7.7432661
300405,50.8269025,8.00344775
301481,52.34701,10.248014999999999
301745,51.7000525,10.222305500000001
303050,51.403051500000004,8.2736268
302266,50.4130825,11.972533
301219,52.191341,9.934438499999999
300447,52.201327500000005,9.91706
302390,51.921418,9.355757
302509,52.110272,10.7303955
303079,52.117361,10.0981775
300780,52.030384999999995,9.8147465
302145,51.9808735,7.63568905
301570,52.22497,9.2051585
301855,52.094796,10.14095675
300254,52.565439999999995,10.144535000000001
300479,51.2275295,10.454556499999999
300513,52.11649,10.026534999999999
302608,51.9970515,9.3935955
301027,51.866612,10.081900999999998
302715,50.467781,7.6833693
302031,52.22190500000001,10.107755000000001
302334,51.12832,7.7584815
300957,52.353485,7.712046000000001
302940,50.476571,11.5878525
300203,50.861469,11.878257999999999
300154,52.1943975,10.02488
300534,52.0198335,9.441534
300341,52.622875,7.9991222
302648,51.954728,10.2261095
302978,52.148159,9.888242
302235,52.19718,10.024776
302006,52.0612665,10.0073245
300569,51.2780745,7.7461611999999995
302078,51.005465,7.67697115
300053,52.3331465,10.263779
300608,52.263172,10.10842775
300131,52.044061,9.019755
301227,52.400552000000005,9.984053
302610,50.529686,12.102843499999999
300819,52.0286405,10.098678
301077,52.1118065,8.7587405
300459,52.285288,9.540785
301255,52.162585,9.5378835
303105,52.465768999999995,8.815347500000001
302368,52.094316500000005,9.4547495
301776,52.501127,10.757947999999999
302018,52.2484185,10.04403
302742,52.250690000000006,10.735603
302105,51.47422,9.173832749999999
300148,51.97011,9.592349
300910,52.322305,9.9267285
302008,52.241209,10.0548675
300422,50.527652,7.673686
301954,50.8178735,7.6579538
301654,52.5823895,8.1067713
302521,51.999736999999996,10.204486500000002
300093,52.217380500000004,10.0681145
300689,52.290878000000006,10.015856
301590,51.672275,9.830636
300892,52.3090275,9.640632499999999
300115,51.570431,9.424481499999999
303069,50.9802235,9.961988
302423,51.124537000000004,7.597978599999999
302196,51.106849999999994,8.966399
301109,52.394864999999996,7.6952032500000005
302829,52.0066585,10.022518999999999
301971,52.1374055,10.5731195
300737,52.00813,9.6559065
301927,51.569599999999994,9.7274845
302908,50.535521,11.599179
300358,51.623726000000005,8.859347750000001
301411,52.094852,10.040556500000001
302772,50.422309999999996,7.6345042
302535,51.970825,10.32141425
300604,51.928274,8.651262
301833,51.470800499999996,9.221612
300174,52.417694999999995,8.284828749999999
303000,52.13694,9.92043
300558,50.891415,9.497253
300663,52.064775999999995,9.964245
302131,52.106472499999995,10.047939
302108,52.114239,11.44492
302109,51.907647999999995,9.7406205
300563,51.816159999999996,10.073024
300500,51.8928075,9.96911
302844,52.267971,7.756812999999999
302898,52.180195,10.0441715
300636,52.212612,10.1327885
302206,50.5421415,12.0295255
300650,50.3755015,11.9636995
301898,52.4978485,8.655194000000002
300610,51.8559775,8.995357
301362,50.369425,7.6495197
302947,51.836327,10.0003225
300097,50.263543999999996,11.8788455
302045,52.608328,7.80561215
300668,51.924053,11.3091975
301383,50.423770000000005,7.65307435
300473,50.134525,10.524891
301378,52.223653999999996,8.741658
303081,51.798953999999995,9.024028000000001
300481,52.004307499999996,9.30411625
300863,50.9644985,9.51221875
302233,52.569107,8.468442
301389,52.2360095,10.051063249999999
300766,52.5491085,10.217535
300829,51.545950000000005,9.9318715
303016,52.394594,9.94386
300265,51.4156315,9.6740215
300614,51.451645,9.616588
301916,52.186884,10.0484945
300701,51.511708,9.1394385
301105,51.484246,8.217414
301819,52.244901999999996,10.39641375
302864,51.307353500000005,9.047835
302630,52.0159085,10.369022
300692,52.0399855,8.596785
301382,51.644047,9.6350735
300124,51.7631985,9.642484
302052,51.3340285,8.458561
300029,50.949186499999996,7.72179515
302666,52.188204,10.252371
300842,51.765455,10.0788285
302974,51.63996,10.273692
301930,51.794085,9.7487765
301164,52.184349,9.6491735
300235,51.5674095,11.7101005
300516,52.043261,9.3356715
300885,51.8340015,10.477788
301746,50.8460625,8.0379285
300822,50.170761,7.710868
301365,51.544803,8.9906515
301970,52.267307,8.8072385
302911,52.3384705,8.1948255
300169,52.2687035,10.121038
300284,52.111862,9.879842
302634,51.9236865,9.9953515
301734,52.365778,10.070962999999999
302936,51.572166499999994,10.214356500000001
301200,51.7645265,8.195019499999999
302830,52.0403385,10.0879735
302760,51.880143000000004,9.561083
301180,50.701626,11.9535545
301552,52.4594915,10.4131005
300761,51.967231,10.144094
302269,50.366995,7.70180325
301151,52.066627999999994,9.8154525
302620,52.334976499999996,7.84424805
301057,51.993843,9.644473
301846,50.440491,7.728003
301358,52.186555999999996,10.197091
303045,52.6626205,8.6462925
302202,51.709995,9.4632015
301520,52.324619999999996,9.722741
302583,51.639326499999996,8.9234925
301890,52.0874215,9.550488999999999
301766,50.514776999999995,7.67302635
300157,51.870203000000004,8.9129445
302486,51.7698975,9.7298695
300210,52.192119500000004,10.092861
301979,52.618947,7.76945615
300019,51.9771615,10.1697345
300933,51.4522555,8.4342325
301019,51.9384805,9.411228000000001
303125,51.844871499999996,8.70752575
302158,52.061077,10.424338500000001
300523,50.885124000000005,7.70973315
300271,51.734082,10.1872805
301664,50.382677,7.78844645
301926,52.091869,9.716939
300950,51.418405500000006,9.51052
300715,51.189195,9.066684500000001
301377,52.236612,10.12127325
301754,52.119322,10.2295585
302745,50.967595,8.671091
302791,50.077344999999994,9.65218775
300724,52.120014999999995,9.9108225
301125,51.465521499999994,9.1308765
302324,51.2463435,9.153252
301618,50.4172965,7.6293074999999995
302879,52.028335999999996,9.947675499999999
301258,52.026087000000004,9.1111765
301396,50.7761785,8.0564335
301505,52.117580000000004,9.31997825
303120,51.086429499999994,9.246236
300930,52.274536,9.652076000000001
301139,52.179501,9.210817500000001
300237,50.489121499999996,7.642580000000001
302356,51.609581,8.008823
301875,52.2300385,10.239632
302537,51.653126,9.407017499999998
301054,52.283651500000005,11.153559000000001
301987,52.232125999999994,7.736798
301370,51.981491000000005,9.6382905
301373,52.482616500000006,7.707698199999999
300719,50.951189,7.6748002
300191,50.5204815,7.9489645
302569,50.66754,7.9762135
300058,51.976135,8.915213
301861,51.6844215,9.939691499999999
303089,52.0801765,9.9235605
300047,52.025522,9.432871
301490,51.648633000000004,9.5802695
301433,52.085601499999996,10.084583
301279,52.348853500000004,10.326631500000001
300313,51.9328615,9.667448
300083,50.8209135,11.8701505
301568,51.925708,9.7591185
300051,50.855644,7.614825
303035,52.235223000000005,9.967444
300478,51.2792835,9.793571499999999
301877,52.019557,10.3919245
300956,52.0942955,9.917548499999999
301897,50.622551,12.06112
300759,52.238108999999994,10.2333365
301407,52.166222000000005,9.950381
300318,50.592290000000006,7.6461539
302401,52.0106525,9.792855
300063,52.190498000000005,10.019114
302963,52.099329999999995,9.967452
300851,50.421735999999996,7.7306685
301076,52.165142,8.706210500000001
300163,51.034838,7.6492967
301667,51.136072,8.3291735
301889,52.0048945,8.469476499999999
300201,51.39788,9.1848355
300335,51.740906499999994,10.249989
300684,52.1936135,10.23086
302557,50.742138,7.7846617
302679,51.291636499999996,11.03669
302820,52.258385000000004,11.444362
303032,52.24823,10.084729249999999
300316,51.907582000000005,11.1497835
301579,50.925799999999995,8.2496485
301799,51.962063,9.5072485
302548,51.696688,8.510211
301384,50.427622,7.64898865
301130,52.0731125,9.968803
300378,52.065727499999994,8.47103785
302782,50.178227,7.675158
302347,51.536162,9.32584
301413,52.152789999999996,10.035885
301677,52.662925,8.019767
301650,51.31866,9.3651925
301705,51.5183605,9.128283
300750,52.248442499999996,10.121770999999999
302706,51.99010749999999,10.054763999999999
302116,52.255303999999995,10.3875785
302313,51.787028500000005,9.414832
303036,52.102539,10.0441225
300728,50.703464999999994,8.562525
301314,52.4592515,9.2558045
300887,51.027992499999996,8.147402
302101,52.016949,9.5828645
302571,51.520908500000004,10.158741
301801,51.0853075,7.8876065
300285,52.4634305,7.8332355
302480,50.2522475,7.65942635
300849,51.490795,9.076955
300798,50.863235,9.60991
300616,52.165937,9.975996
300283,51.771308000000005,9.74442775
300446,52.485195000000004,8.5645035
301532,51.717363500000005,9.0833585
302551,50.472598500000004,11.924490500000001
301903,51.359277,7.9219048
300158,52.339696,9.827735
302161,52.361643,9.749397
302194,51.426950500000004,9.783240249999999
301702,52.1285095,10.0899345
302153,51.4839115,9.692879000000001
300330,52.3789535,7.9704475
301605,52.3773345,10.11318
300212,52.110842500000004,9.685356500000001
300136,51.8417475,10.5758595
301648,51.427544,9.786985999999999
301066,51.0411815,11.3367225
301346,51.9338585,9.542221000000001
302358,51.5212935,9.857481
302262,51.811173,9.24309675
301278,50.673065,7.6743380000000005
302447,52.0901815,10.246199
301652,52.431056,10.370543999999999
300344,51.2297765,8.8616545
301083,51.416696,9.7494435
302281,50.280584000000005,7.66626645
300238,51.844660000000005,9.1388125
302983,50.772995,8.186999
300436,52.109102,9.900105
301213,51.988449,9.583305249999999
302934,50.9623665,10.862012
301753,50.521008,11.794146000000001
300072,52.0824375,8.155013499999999
301452,52.181917999999996,8.551637
301462,52.221868,9.6166965
300290,51.6462265,9.392983000000001
302001,51.27923800000001,8.1953625
302843,51.820815,10.0844895
301391,50.512806499999996,7.9521155
301919,50.715177999999995,7.81803935
302120,50.35548,7.623708150000001
301412,52.15894,10.220398
302434,52.1180625,9.7425035
301727,51.1214175,8.994190249999999
300823,52.0574025,10.06319
300145,50.955148,7.880429
302346,51.863716499999995,9.936290249999999
301826,52.187160500000005,9.954688
302964,51.005344,9.9459585
300598,50.865113,10.934960499999999
301371,51.583725,8.524866
300835,52.2396715,9.927923499999999
301497,51.451391,9.424494
300425,52.230896,10.20315525
303073,51.808347999999995,9.622005999999999
303122,51.014887,9.150011
300280,50.225948,8.717255
301733,51.823665000000005,10.1074985
301241,52.253831500000004,10.010845499999999
302968,50.3131565,11.9103885
300966,51.090683,8.269656
300220,52.665290999999996,7.83265415
302023,50.6978,7.61183855
300132,50.579481,7.62984035
302931,51.608943,8.9823555
302020,50.598233500000006,7.9315628
302443,52.0155385,9.618798250000001
300618,50.6113755,7.6930063
302459,51.448663499999995,9.948704500000002
300128,52.253996,9.368413499999999
300677,51.2348915,10.258402499999999
301466,50.79965,8.203951499999999
302909,51.9272585,10.6048975
300272,52.107293999999996,10.030604499999999
302649,51.76296,10.132427
301208,51.753603999999996,9.2861245
302053,52.3575915,10.430518
301632,52.005104,9.782288
300916,52.022394,9.797007749999999
300515,51.8391035,10.470102
300502,51.0230615,8.136614699999999
301529,50.711775,11.6442115
301698,52.341004999999996,8.535063000000001
302768,51.9339265,9.8343835
301287,52.090376,9.325027
302977,52.16239,9.3397725
302446,51.4979995,9.21344525
302200,52.1160565,9.903433
300021,50.470083,9.914267500000001
301858,52.689625,9.289348
300449,52.06615600000001,9.97355475
300953,50.387879,11.945902499999999
300560,52.117931,9.704149999999998
302132,50.6406865,7.95158
302164,52.113405,9.854103
302899,52.2795925,9.843382
302837,52.3196425,10.278713499999999
300884,52.239022,10.065432000000001
303115,52.0547375,8.945514750000001
300740,50.9790965,8.21369675
300194,52.138655,9.4529
301440,52.070659500000005,10.134109
300969,52.239644,9.57921
302738,52.678897,8.01001095
302869,51.8997805,10.171768
301680,52.103876,10.780543999999999
300888,50.2780125,7.5987860000000005
301818,51.735977500000004,9.2087455
301980,51.6906025,9.2369275
302749,50.60333,11.7832185
302543,52.1009215,9.9035395
302327,51.169576500000005,7.98568965
302726,52.3843915,10.6704015
300440,51.965666999999996,9.0345435
302010,52.313545500000004,7.9903911999999995
301072,52.256434999999996,9.713106
300420,52.203166499999995,9.974449499999999
300352,50.335817500000005,7.71785305
302420,51.2376475,9.0454455
301569,51.917049500000005,9.865693
302122,51.886286,10.0590615
303097,52.219232500000004,10.8863385
302405,52.463786999999996,10.3868925
300364,51.904471,9.1151515
301403,52.099857,9.9794295
302409,52.047692999999995,9.686563
301594,51.286684,10.736361500000001
302110,52.47499,9.0134545
302954,50.679263,7.758035850000001
300342,51.8353265,9.68874225
302507,51.068687499999996,10.484365
300591,52.140352,10.157499000000001
301251,52.143866,10.091682
301500,51.9360695,8.699091
303127,52.1566335,10.3315455
301146,51.8174675,10.3108885
300528,52.206123000000005,9.296716499999999
302976,52.143536,11.477555
300651,51.8309555,9.089898999999999
301735,51.443931500000005,9.252079
300897,50.8397535,7.925655149999999
302850,51.0162225,7.766954849999999
300421,52.6191905,7.80260135
300305,51.7578205,7.9426333499999995
301465,50.720826,7.8627295
302366,52.557332,7.7410815
302283,52.0114215,9.8892925
300205,52.217495,10.362458499999999
302988,51.697378,9.82954
301364,52.342351,9.716588999999999
301376,52.247924499999996,9.868967999999999
301928,52.260543999999996,9.665956999999999
300509,52.340728999999996,10.13027
303046,50.5543735,7.70914055
300232,52.046917,9.8922435
301807,52.1531765,10.266026499999999
302251,51.935749,9.893469
300700,52.054289999999995,9.6795395
302849,51.637420000000006,9.935485
303026,50.330583000000004,7.71491565
302191,52.1315065,10.2440835
303087,52.280287,8.972434
302527,51.814249000000004,9.849976
300980,51.578433000000004,9.9096195
300096,51.984168,10.2960245
302492,52.177474000000004,9.822658
302766,50.5390355,8.787702
301244,52.034533499999995,8.701399
301691,52.1280515,9.529188000000001
300363,52.243956,8.9618815
300546,50.677573,11.577327
301115,50.762001999999995,7.981673499999999
301834,52.0587865,8.633455999999999
301917,51.714132000000006,9.046420999999999
301531,52.2008555,10.46044
300920,50.159423000000004,7.61299395
301583,51.160703999999996,8.962944499999999
302708,52.191641000000004,10.0198205
300441,52.223738,10.000976999999999
300830,52.05766,9.6052175
302379,51.865821999999994,10.5274275
302970,51.643997999999996,9.459201499999999
301263,52.1379335,10.108179
302564,52.1825295,10.054817
301020,51.970518,10.296354000000001
301738,52.366876500000004,10.33952375
300688,52.197261499999996,7.9272317999999995
300772,51.9774885,9.4294475
300359,52.3271315,8.9053335
302836,52.197627499999996,8.3320695
301656,51.968947,8.612312500000002
300200,51.842657,9.536771
300912,51.485546,9.2800905
300164,52.042923,10.020423
302508,52.468343,7.83992665
303060,50.556962999999996,7.63397145
300356,51.495250999999996,9.573964
300601,51.982867999999996,10.1013395
302815,50.866833,11.959261999999999
300152,52.236487499999996,10.055780500000001
300345,50.880736999999996,7.61359
301588,52.2687645,9.73991575
303020,51.744906,10.0804145
302452,51.591867,7.7596463
302216,51.733292500000005,8.3442595
302253,51.7429445,8.978607
301638,52.0623625,10.112384
300491,52.0597765,10.16836625
301973,49.80463,10.0176355
301143,52.0970595,10.149517
301128,50.7234805,7.6976163500000006
302528,52.2426515,10.0676135
302127,51.944318499999994,9.05610225
302700,52.098715,9.0106945
301357,52.412895,10.002925
301996,51.014945,9.233943
300008,51.757093,8.0387918
302713,51.771401999999995,9.9213325
302355,51.93142,9.621757500000001
300393,50.084843,9.6342025
302617,50.9861415,8.484236
301126,51.931505,10.106773
302882,52.200764,10.481730500000001
302272,52.139375,9.669924
302705,51.904298,10.088013
300815,51.4930405,9.688638000000001
301675,50.307877500000004,7.6176578
300371,51.568519499999994,8.480944999999998
300587,52.11376,10.0482065
300879,51.912851,10.4412135
300269,51.4792405,7.763101499999999
301245,51.4472965,9.8376615
300729,52.358633,9.2391495
300993,52.111849,9.8782575
300544,52.070173,10.3728625
302570,50.524727,7.5964489
300671,51.512556000000004,8.991699
300256,52.437613,9.8129415
302435,52.388681,10.1485065
300415,51.96374350000001,9.209282
301958,52.369444,10.635511000000001
302095,52.1686315,10.261212
302448,52.214552,9.2510605
302210,52.456754000000004,8.137795
302211,50.93339,8.23891075
300958,52.081621999999996,9.395314500000001
300035,50.575912,7.673522
300255,52.3015745,10.032841000000001
302847,50.9298575,7.63504585
302039,52.107553499999995,10.2171605
300574,52.084011000000004,9.919492
300988,51.9636305,10.07254425
302956,52.156664,8.6819965
300685,52.0042685,8.827300000000001
302767,52.173706499999994,9.9252
302787,51.285711,7.6489557999999995
301319,52.0873325,10.0009965
301599,52.0786365,10.46256
302408,51.162402,9.657948000000001
302662,51.372281,9.6997105
301681,51.592169999999996,9.8977795
302876,51.967456999999996,9.838053500000001
301701,50.7143375,11.991876000000001
302582,52.154203499999994,8.709886000000001
303043,52.031787,10.2212435
302444,51.9369065,8.379402500000001
301757,52.2166595,9.627726
302439,52.2928755,10.248065
300511,52.27803,9.812035999999999
301120,50.6951335,7.807373050000001
302674,51.897154,8.953116000000001
301211,51.1072115,8.21594475
302807,51.8850135,10.0910675
301960,50.358162,7.65416405
302709,52.147425,8.397859500000001
300016,51.963296,9.939866
302598,50.627170500000005,7.64316745
300592,52.1827735,9.7355295
302035,50.549225,7.597978599999999
300518,51.8531075,10.303491000000001
302937,50.7158425,8.1784955
301780,52.3819505,7.8195993999999995
302523,51.878524999999996,9.853007
300490,52.440548,10.574725
302637,50.808710000000005,7.6324503
301884,52.1169605,9.556187999999999
302087,52.29673,10.094250500000001
300698,50.556313,8.00768265
300060,51.829440000000005,10.112994
301726,52.0090235,8.676151
301670,51.2406925,9.121622
302860,52.0480595,9.797762500000001
302227,52.10124,10.6836515
301929,51.73849,10.101689
303111,52.2046625,8.9817375
301136,52.4858225,7.8686592
301331,51.906005,10.07204775
301336,52.584906000000004,8.03222675
303008,50.636365,7.70123435
301062,52.0695525,10.014123
301294,51.214940999999996,9.931307499999999
301099,50.642977,7.7858801
300960,51.77565,9.622187
302326,51.533815000000004,9.256808249999999
302335,51.837931,10.442412749999999
302884,50.785948000000005,7.7213967
301817,51.40197,9.706471
301156,51.0092485,8.994803749999999
301522,52.174715000000006,10.036305
300337,52.2625965,10.034586000000001
300626,51.319315,7.71652935
300699,51.9362045,9.960549
302981,52.131893500000004,10.2420625
300646,50.376835,7.6176578
301026,52.057755,10.1723885
302412,50.80077,9.900427
302505,52.134764000000004,10.0941115
300216,52.469229999999996,11.108587
302712,52.2564945,11.6215245
301949,52.147469,9.8055105
301222,51.164041999999995,10.088791
301603,52.1259775,11.630084
300226,52.308350000000004,7.9269525000000005
301563,52.147638,10.247417500000001
300084,51.7854935,8.76577
300788,52.007227,10.430632500000002
301380,52.04411399999999,9.8199005
300043,52.46937,8.152833600000001
300712,51.8653585,9.863516
300373,52.366715,9.920266999999999
303116,52.179863,9.9196595
301173,51.8820815,10.2921825
300113,52.1779155,9.8527035
300934,50.758069,7.67793915
301235,50.338785,11.933355
300442,51.72254,10.306257500000001
302466,51.714237,8.607313999999999
300438,52.206909,9.9984345
302701,50.372909500000006,7.6326733
301900,51.81473,9.797094999999999
301978,52.111841,8.641361
301134,50.5250645,7.66663265
302554,52.093235,10.090644000000001
301778,52.358022500000004,8.7974295
300734,52.1059765,9.523409000000001
302019,52.0021555,9.598343499999999
301619,52.248897,9.901078
300785,51.076909,9.995575500000001
301808,51.917761999999996,10.933616
300472,51.3642325,9.222236
303112,52.0161725,10.035275500000001
302961,51.2310905,9.23368775
300790,52.0639665,9.344962500000001
302242,50.386195,7.6213595
300895,51.337435,10.014191499999999
301091,51.5441015,9.4823735
301201,52.028227,10.224229999999999
302724,51.675411,9.86627
300603,51.0687655,7.6345042
300543,50.5883295,7.6100075
300484,52.426372,10.368332500000001
302139,52.5072615,9.067691
302338,51.7484935,9.833313
303102,52.215741,9.592088
302250,52.0014325,9.2250585
303117,50.477427500000005,7.6138015
300914,52.3219515,9.95950775
301683,52.131792000000004,10.104461
300962,51.5157065,9.337715750000001
300171,50.9676305,7.7180054
300176,50.644932,7.8296118
302354,52.0799235,10.112982500000001
301504,52.148115000000004,10.09056975
300922,50.5138485,7.6595455
300486,50.51423,7.6998415
302756,50.530057,7.581799999999999
301940,52.0811665,10.815834
301748,50.9979805,7.6573725
302585,51.985132500000006,9.861722499999999
301367,51.921386999999996,8.765205000000002
301345,51.625709,9.153856000000001
301187,52.640795,7.74942425
302526,50.4169005,7.701757450000001
301580,52.1956065,10.1294945
300595,52.47276,9.608749
303044,52.0957765,9.96069
303095,52.182188,10.218665000000001
302141,51.5984975,9.680858749999999
300743,51.6691475,10.143489500000001
303067,52.2769675,11.6115995
300082,50.7385235,9.923150499999998
301720,52.021553,9.851459
301547,50.422191,7.6752551
301159,52.239389,9.84026
302565,52.0721535,8.731524
301771,51.8425685,9.05454775
300713,51.827745,9.714894000000001
300146,52.274238,10.54261425
303085,51.7444075,8.089556
302894,51.8987445,10.0384435
301909,52.163123999999996,9.6962665
302703,51.8170415,10.022776
301797,51.4743475,8.605599999999999
302287,50.532117,7.6423571500000005
301402,52.092695,9.813686
300488,52.6201025,7.69314885
300559,52.149598999999995,9.954289
301202,50.317897,7.6503329
302234,52.275194,10.419491749999999
301718,52.3390025,9.992699
301785,51.157886500000004,9.519266
302922,52.432857,9.981917
302741,52.4377415,10.2078145
302277,50.502849,7.713877
300319,50.6687725,7.562939500000001
301283,51.6134545,9.809622000000001
300030,50.501157,9.9577855
300565,51.8701985,9.987431749999999
301458,52.048044,10.2654435
300609,50.4987835,7.667567
301461,52.409013,8.983959
300334,52.222232500000004,10.035605
300577,52.21781,9.015127
302024,50.7415295,7.7090671
300087,50.9130775,9.303783
303118,51.1504785,7.75327465
300347,52.494001499999996,10.263116
300456,51.446203499999996,9.803881
302399,52.303554500000004,8.060796499999999
300428,50.863866,11.563110250000001
300381,52.1394865,10.1456795
300628,51.15786,7.710514
300092,52.270416,9.7979605
301596,51.8265665,9.656436
302866,51.8319975,9.8354345
301023,51.473388,9.380418500000001
300007,49.3093765,9.134782
300664,52.1007275,9.2405315
300321,52.530590000000004,8.0620425
301082,51.8999735,10.367558500000001
302135,50.581188,7.7192785
302222,52.288653999999994,9.9463045
300918,52.05139,11.48028575
302332,52.2375335,10.323055499999999
300731,50.631939,7.7354672
301344,52.2385595,9.65604575
300736,50.4146995,7.826460000000001
301767,52.0950545,9.5001555
301821,52.159714,10.048923
301324,52.2866735,8.7999675
301961,52.44330600000001,10.263093000000001
301994,51.068497,9.769356
301758,50.492742,7.5434067
302992,52.049903,9.9575375
300076,52.082888,8.786660999999999
302198,51.924133,10.032623000000001
301869,52.010690499999995,9.845828000000001
301674,52.153144999999995,10.146090000000001
302322,51.836216,9.771006
300891,52.649649999999994,7.8431678
301451,50.517187,7.637916150000001
302442,52.503789999999995,7.9175803
303027,51.02623,11.78996325
300965,51.031589,7.9050745000000004
301614,50.575962000000004,11.51768425
302840,52.0363485,9.320257
300903,51.881765,9.5001945
300015,50.446634,7.68375565
302905,52.156255,10.209484499999999
300374,50.572252500000005,11.7808605
300710,50.4238785,7.7061984500000005
302074,51.8649835,10.020636499999998
300633,51.692088999999996,9.477633
300228,52.177242,10.316713
301435,50.493581000000006,8.8779285
301167,52.083742,10.449985999999999
301152,52.295587499999996,11.899033
301888,52.282527,10.0349085
302839,52.5190735,10.083747500000001
302123,50.591715,7.709549900000001
302071,51.8226855,9.991240000000001
300751,51.9271795,9.4730855
303029,51.1717,9.313092999999999
302044,52.0659285,10.165656
302049,51.5978605,8.996211500000001
302718,51.454883499999994,9.575222
300310,52.064801,7.71260515
301450,51.846588499999996,9.4300345
301896,50.6654425,7.791489
300705,51.054305,10.095560500000001
301977,51.6928415,10.155325999999999
302425,51.5535665,9.467784
302547,52.213603000000006,9.197332
300003,50.326389000000006,8.68553
301781,52.4461595,7.898527850000001
300947,51.406846,10.148399
302831,52.153942,7.73525955
301557,52.033564999999996,9.995278500000001
301665,50.742368,7.740228650000001
301453,50.6894375,7.97789025
302883,52.363067,9.964562
301199,52.6343665,8.0423358
302871,52.067426,9.9806475
302372,51.890179,10.386348
300549,52.3307285,10.159322
301906,51.9678885,9.75238
300251,52.5147685,10.9549305
302260,52.217458,10.1354565
301001,50.811544,7.717203700000001
301684,52.10507200000001,9.893108999999999
300665,51.8346195,9.902219500000001
300303,51.561417500000005,9.177315
300293,52.221428,10.333010999999999
301894,52.4062955,9.72001575
302921,51.8992925,10.0670845
302546,52.109491500000004,10.3049845
300193,51.329481,7.7846617
301646,52.39387,11.315605
301468,50.6317475,7.7546598499999995
301559,52.0559485,9.537166
302375,51.104085,8.777036
301348,51.682770000000005,8.3963525
302331,52.552965,11.59521325
302083,52.010003,10.120138
300296,52.244188,11.618762
301356,52.192167999999995,9.714257
303053,52.1229805,9.83486875
300898,51.279753,10.094312500000001
302469,52.3012425,10.428483
301624,52.025508,9.151234500000001
300153,52.485040999999995,10.2631125
301119,52.0476265,9.759934
302941,52.082058,10.1925525
300326,50.4917285,11.8790995
302474,51.671324,9.0630655
300529,51.239270000000005,8.005836
302168,50.6416715,11.864453000000001
301309,52.1659945,9.596495
301329,50.811704500000005,9.570746499999998
302943,52.2271025,9.7666795
302042,51.025479000000004,8.3360845
301905,51.773596,10.0873665
302067,52.094446000000005,9.798324999999998
300695,52.132009499999995,10.109585
300471,50.444958,11.894701000000001
301190,50.306608,9.7950595
300619,51.9041585,9.9923455
301975,52.227045000000004,10.1437295
301257,52.037647500000006,9.755068
300111,50.4575255,9.4285515
302874,51.96095,9.948404499999999
300727,52.3116165,9.798785500000001
301197,51.819779,9.751461500000001
302293,51.0985725,8.11549275
300989,52.634185,8.1303115
301080,52.120864999999995,10.2492
301008,52.123848499999994,9.331523
300291,51.980082499999995,9.963535
301448,51.323865999999995,7.80229435
300711,52.0508425,9.854884
302687,51.716107,10.1585425
302678,52.10364,10.0153175
300926,52.0724915,9.936
300367,51.287367,9.524279499999999
300809,50.697055000000006,7.67421885
302828,50.506223,7.7721328
301744,51.894315,9.707584
300531,52.14272,9.6781985
301073,51.992380999999995,9.790189999999999
300095,52.045786,10.089855
301581,51.963736499999996,8.569572
300375,51.937505,9.4643975
301464,51.809062,8.716503
300886,50.628491999999994,7.6492967
300739,52.0627635,10.259773
300369,52.092867,9.896722
302722,51.894262499999996,9.932446500000001
301416,52.011172,10.1945915
301196,52.219692,10.484514
301184,52.6025865,7.72918965
300747,52.2865715,8.0525453
302014,51.398126500000004,10.2538695
301712,51.0767845,7.8406893
301312,50.589605,7.6492967
300787,50.5798575,7.61743495
300243,51.220808,8.006088250000001
302907,51.907528,9.683228
301488,51.8305975,9.7336225
300599,51.4024835,8.7501715
302704,50.497266499999995,8.03604035
303082,50.514440500000006,7.4725506
302419,50.560441999999995,10.225408
302237,52.298275000000004,10.0837335
300553,50.872537,8.413599000000001
300870,52.031786499999995,8.018776500000001
301230,51.9193575,9.9213265
301103,50.465217499999994,7.61183855
301335,51.903767,9.212479
302175,52.391591500000004,7.9530673499999995
300383,50.805364499999996,9.223257499999999
300333,50.583889,8.4029532
301236,52.652731,7.891753
302341,52.6212735,8.565564
300001,52.31304,8.214361
302805,52.000356,9.014022
300027,51.0704475,9.538482
302506,52.111582,9.608331
301124,51.6979695,8.103501699999999
301221,52.098918999999995,9.535554999999999
302817,50.429342500000004,8.4164105
301714,52.592830500000005,9.147732000000001
301113,50.899792000000005,8.486582
302717,52.009949000000006,10.037184
302804,52.244955000000004,7.7472106499999995
302489,52.357023,9.081649500000001
300795,51.0805245,8.686297249999999
301554,51.725314,10.008499
300690,52.311639,9.920982
301043,51.689587,10.072804999999999
303103,52.0882575,10.798093999999999
301636,50.616352500000005,11.63837
301098,52.194931,9.5944185
300221,52.1974885,10.238834
301476,52.381256,7.80778585
303092,52.1090085,9.704817
303098,51.8352115,9.698854
302538,52.0515975,9.821563999999999
301087,51.399364500000004,8.619717
302818,52.099558,9.52667475
300752,50.641343000000006,7.5791068
301228,51.507297,9.9937765
302391,51.513419999999996,8.019561
302360,52.035467999999995,9.2909785
301218,52.2052365,10.118036
301751,51.3881585,9.849343999999999
302761,52.272298500000005,11.7056795
301306,51.7206375,9.612287
301527,51.976703,10.235938
301313,52.095417,10.12761
301759,52.644366500000004,7.8101602
301106,51.9075585,9.422740000000001
302989,51.748400000000004,10.1596865
301631,50.4259835,7.6429383
301728,51.512262500000006,10.530221999999998
300770,51.6347325,9.214662
302298,52.189365499999994,10.22162775
300605,51.5460205,8.4291215
300396,51.68241999999999,9.6144545
301249,50.38228599999999,8.9500295
302575,51.3215875,9.352367749999999
300292,51.881937,9.386096
301943,50.48159,7.7265945
300430,51.011194,8.902254
301469,52.228043,9.97402675
302623,51.93006200000001,9.6197625
302114,50.9027985,11.797478
300542,52.0610225,10.874291
300350,51.92375,8.6552775
300963,52.3023935,10.1520365
301035,51.706951000000004,9.9974525
302757,52.302931,9.834187499999999
302011,50.731069000000005,11.700662
301030,52.4923765,8.11356525
300802,52.2766235,9.846958749999999
302846,51.37226750000001,9.64781
302357,52.1897825,9.695882000000001
302289,51.58234,10.038047500000001
302040,52.28205,8.061395000000001
302515,51.471337500000004,9.728292
301725,51.481144,8.8249265
300391,52.0247265,9.9058745
301069,50.820934,8.0494725
300999,51.7287725,7.9876383
300094,51.2917255,9.124073
300261,52.140958999999995,10.0884775
302520,52.0494595,8.658227
300624,52.063311999999996,9.99742125
302859,50.641326,11.943487000000001
300127,51.3169015,9.8428885
300940,52.0282585,8.642828
302628,50.6597805,7.639082
302540,52.530633,10.2073185
300765,51.423474999999996,8.604743
300990,52.594348999999994,9.8880345
301561,51.5078235,9.7630105
301586,51.419985,9.149956
300382,52.40712,7.70973315
302762,52.242582,10.6408455
301760,50.5259915,7.781734999999999
302885,51.9088555,9.7732995
301772,51.7879315,9.516352
302671,50.891185500000006,8.40089075
302614,52.212184,10.264278000000001
301763,51.8406175,9.14801675
301154,52.146595000000005,9.9457935
302436,51.963989,9.990779
303019,52.1156,10.221969
301193,52.285239000000004,10.4671795
301301,51.74975,9.753812
300123,50.2894165,7.6812763
301715,52.0422475,10.2397005
301350,50.2643035,9.422674749999999
301316,52.16892,10.1104555
301233,51.9627225,10.432344
300742,52.226589000000004,10.4857755
300859,51.853080500000004,8.698593500000001
301292,51.886176000000006,9.18891875
301891,51.852885,9.75762125
303113,51.790048999999996,9.988608
300756,52.036688,7.763961549999999
302980,52.621528,7.8885897499999995
300796,51.7885095,9.21842225
301915,51.161263000000005,11.999867
302622,51.752523499999995,8.389578499999999
302971,50.47778649999999,7.6391488
303040,51.3256535,8.342785500000002
302563,52.364336,10.025482
301857,50.6506915,7.70677965
301659,52.15432,9.96575675
303131,52.254404,9.820113
300126,50.978741,9.602651999999999
301293,51.391735,8.814490500000002
302878,51.791815,9.837645
302204,52.505401500000005,9.089012499999999
300106,51.5012,9.1822845
303068,50.8181225,7.72918965
300159,51.86372,10.222553
302926,52.001175,9.740176
302350,50.951178999999996,8.17894365
302325,51.916918,8.142734
301811,50.929497,7.939720749999999
302475,50.547565000000006,11.626278500000002
301220,51.09624,7.88209865
303031,51.69409,9.0793675
300873,52.567495,10.021573
300276,52.0574895,9.7739005
302627,52.272209000000004,8.85795175
301070,52.141665,9.473154749999999
301005,51.059725,9.796732
303003,51.252224,8.6512445
301911,52.22317150000001,10.172657000000001
300467,50.462619000000004,7.6176578
301025,50.6756885,7.6617728
302267,52.3235035,9.9579355
300380,51.179717499999995,10.009399
300792,52.5937865,7.6612475
301478,52.39914,9.7190155
301717,51.424297499999994,9.9044285
301253,50.475063,7.6717055
300732,52.0528215,9.462299999999999
300862,50.717972,7.72144785
302933,51.576662,9.056304
301183,52.4784145,9.033234499999999
300555,52.138817,10.06565
300049,51.8338465,9.179413
301242,52.177748,9.789768500000001
300799,52.648703499999996,7.89787745
302856,51.940258,10.116491
302918,52.25379,10.061508499999999
300936,52.3591805,8.3490813
303083,51.938159999999996,10.07782325
302966,51.390383,9.735566
301660,51.3218585,9.6960145
302880,51.761855999999995,9.22557025
301742,50.635855,7.634929700000001
300253,52.095167000000004,10.1127085
300647,51.884433,10.018343999999999
301651,52.3116525,10.03654625
300964,52.012840499999996,10.104403000000001
301706,51.4061175,8.883289999999999
300996,51.9937555,10.060300999999999
302468,52.3846035,11.819647499999999
300662,50.7575075,7.6576585
300634,52.3834415,9.69812375
300955,50.841113,9.0471305
301999,51.275949,9.8616365
302343,50.6674675,7.6423571500000005
302602,52.251526999999996,10.050278500000001
301866,52.0969385,9.836417
302129,51.9128625,9.5792335
301678,52.2946985,10.041924999999999
300872,52.495417,8.243662
301953,51.64358,9.893443999999999
302581,51.938419499999995,8.8830585
302247,51.9193535,8.8387965
300527,50.615818000000004,11.971597
303021,52.244583,9.103487999999999
302990,51.521699999999996,10.088207
302808,50.8967085,12.21091
301207,50.873805000000004,7.804446349999999
300233,52.2738025,10.269949
301334,50.8542635,7.6911137
301695,52.047228,10.364879
300652,51.9030825,9.807227999999999
302395,51.031000000000006,7.701696849999999
302036,52.345168,10.071533500000001
301556,52.1429,8.5130801
302529,50.729265,7.72814845
300607,52.186085000000006,8.99541825
301881,52.2122655,9.886409
301456,51.756266,9.901045499999999
301740,52.046708,9.638041000000001
301615,51.365032,10.0227935
301381,51.553325,8.5535595
301545,51.997841,9.568445
302411,51.4570845,9.203281
302497,52.0063715,9.622902
302734,52.219055,10.1397045
301446,52.133077,10.30226
301449,52.086006499999996,9.78185
301254,52.405899,10.041690500000001
300215,50.724509999999995,8.27844
301385,50.7511115,8.882612
302890,50.0661825,11.8385615
302407,51.996939,9.77730325
301750,52.119965,8.9094175
302229,51.900076999999996,8.409649000000002
301328,52.0120825,8.062023
300192,49.689537,7.82724595
300042,52.203621,9.999633
301397,51.400043,9.7866345
300279,52.038579999999996,9.238362
302524,52.121462,9.44228025
302780,51.8916885,9.961686
300360,51.953784999999996,9.7379175
301352,51.9668925,10.201011
300267,51.772005500000006,10.13499175
300034,50.472292499999995,7.61991435
300249,50.674943999999996,12.149031
302470,52.278555,8.985841
300246,50.727931999999996,7.810211349999999
302825,51.846838500000004,9.964092
300670,50.614147,7.67908625
303090,52.1803585,8.809688000000001
301693,52.0912685,10.430779
301272,50.657011499999996,11.8442275
301901,51.8826315,9.6678085
302646,51.2277,8.21825815
302055,50.461526500000005,7.656712799999999
300861,52.631107,9.9820495
301084,52.2070085,9.8436515
302427,52.0761975,10.15943575
302115,52.061837499999996,9.9724515
302037,52.25307,9.8631995
300877,52.390209999999996,8.109975500000001
302558,50.8813365,7.9799565
302763,52.493804,8.3003592
300630,52.139724,8.562529000000001
301630,52.197341,10.4943495
302300,52.182745,9.302317500000001
300102,51.4450455,9.9778315
302711,52.592237499999996,10.916437
302301,52.26114,8.887245499999999
301044,52.1495425,10.030681000000001
301400,51.900513000000004,9.849903
303134,50.7297995,8.850392
301882,50.482155000000006,7.6534736
300948,50.367059,7.702698
302428,51.088068,8.866318249999999
302723,52.0808885,10.4318685
302693,52.6188375,7.7785268
302421,51.946055,10.0781585
302654,50.47282250000001,10.154177
301543,51.698008,9.73952575
301140,52.029208,9.805582000000001
302589,52.163961,9.616436499999999
301100,52.06429,9.814945000000002
300617,52.209070999999994,10.171719
301423,51.971973500000004,9.954048499999999
300758,52.2953325,11.284908
300994,52.125575,8.6414785
301968,52.203425,9.706768499999999
301499,51.6172275,10.468933
301141,52.028126,9.863385999999998
300645,52.165057000000004,9.907731
300824,51.8925785,9.7196225
302209,50.604906,9.716974
300974,51.0155315,10.850748
302342,52.224931999999995,9.873842
300793,52.00277,10.061835
302193,52.0745135,10.410669500000001
300831,52.066018,10.046638999999999
300874,50.5521485,7.78827575
301851,52.251858999999996,8.936803000000001
300927,51.673131999999995,10.058723
302297,52.204308999999995,10.04037
301672,52.1247735,9.9566415
300050,52.061125000000004,10.9220245
303077,51.959751,8.401562
301322,51.996254,8.344017999999998
300036,51.8994105,10.063297
301406,52.165926,9.641471
302050,52.367357999999996,7.90832
301880,50.667913,11.485229499999999
300902,51.858461500000004,10.197656
302029,51.9771715,8.62831525
301501,51.1752735,9.1644385
301401,52.547539,9.2779195
301790,51.87661,10.24611
300640,50.6743685,9.7778305
300443,51.8883115,10.011447
300086,51.9461285,9.1432765
302310,52.15843,10.359617499999999
301721,51.2992645,9.646640999999999
300784,50.6342385,8.802521500000001
301438,51.483328,10.689167000000001
302668,50.543949,7.9329528
302855,52.224513,10.1121345
300556,51.187405,8.3704265
303071,51.26811,8.7433035
302296,50.930908,9.7356375
300762,51.435282,7.7061984500000005
301327,50.4874515,7.6908518
301997,51.6324085,9.063057
300568,52.086956,10.169686
302389,52.1111985,9.549773
300187,52.71336650000001,8.49872525
301355,50.8186465,10.015566
301170,50.44167899999999,7.81897545
301616,52.1733115,9.946024000000001
300150,52.082040000000006,10.2396975
301854,52.072115,10.1912895
301127,51.899215999999996,9.397884999999999
302588,52.115947,8.773944499999999
302733,51.777282,9.11557625
300656,52.300790000000006,10.3583955
300738,52.574346500000004,7.95243285
302746,50.0429465,8.11395375
300909,52.0190695,9.979618
301088,50.538909000000004,11.958593
302915,52.567985500000006,9.351467
300434,52.0594195,10.447630499999999
302352,51.8599515,9.86698275
300181,52.198654000000005,8.645063
300850,52.2242755,9.863388
301479,52.249603,10.0027485
301601,52.08484850000001,9.7807455
300469,52.635735,7.7699142000000005
301311,52.422808,11.1838865
301359,51.9847365,10.1821455
302958,52.267087000000004,9.7415005
300307,52.3102035,10.192998
302665,52.1644575,9.7567275
301191,51.53145,8.709534
302600,51.9074715,8.3667105
301956,50.493917499999995,12.089662
300410,52.157298499999996,10.157168250000002
301041,51.989062000000004,9.95577
301535,50.3005675,11.2135335
302786,51.955616,10.3566725
302853,50.725036,7.57612035
300118,52.0323545,9.826049000000001
303054,51.862814,10.4156525
301347,51.620165,9.9640965
300721,50.895739000000006,7.62984035
301404,51.353496500000006,9.816985500000001
302946,51.80349,9.0488425
300299,52.6890235,8.182049249999999
301663,51.028973,7.68156525
302314,52.093185,9.332367999999999
300077,52.208637,9.839579
300032,52.0793415,10.036889
302003,51.5750465,9.8958855
303129,52.2282355,10.145608
301223,51.879445,9.7655075
300635,52.4487995,7.7316689499999995
301515,51.938296,9.266024999999999
301104,51.067592,8.01968085
300881,51.9150985,9.944913
302765,50.558458,11.8260145
300941,51.49946,11.8802315
300561,50.704004499999996,7.76316525
300207,52.223078,9.91378075
302593,51.802285999999995,9.757933999999999
301658,51.713792999999995,9.986272750000001
300789,51.172187,9.742883500000001
300151,52.08544,10.217929
300302,51.2576105,8.47959
301963,51.201537,9.969937999999999
302180,51.196889999999996,8.9013245
301697,50.6722975,9.983812499999999
