id,lat,long
300121,52.122513,10.184089
302441,52.12514,9.95331
300266,50.41718,7.596151
300911,50.58798,12.010489
302681,50.640877,7.6688023
301610,52.137394,11.95481
302875,50.552376,7.6647067
302261,52.398632,8.77379
302365,52.003025,10.941723
300709,52.096436,10.350956
302304,51.14018,8.824711
302731,51.240925,8.122311
301055,52.24988,10.005182
301310,51.893627,10.035926
300273,50.3865,7.6534524
302038,51.617878,9.062002
300116,50.680622,7.795028
302736,52.21194,9.847909
302891,51.96484,9.956845
300583,50.532314,12.028448
302725,50.48815,7.6534524
300451,51.333263,7.770129
302203,52.126724,8.918272
301216,51.553688,9.585464
300741,52.333126,10.515449
300827,51.754154,9.814958
302900,50.412937,12.020834
300186,50.50128,7.515308
300588,49.139202,9.705308
300680,52.1501,10.00021
303070,51.682987,10.025782
300088,51.9521,9.854482
301741,51.682987,9.853883
301474,52.04626,10.078675
301028,51.89829,10.255721
302938,52.494694,7.819673
301436,52.019806,9.42797
300937,50.665695,7.6534524
301177,50.62426,8.098827
302073,52.025574,11.578372
302863,51.759,10.0606165
301621,52.492157,9.969012
301779,51.773216,9.397172
301033,50.41718,7.596151
300062,51.973877,8.148419
301922,50.41536,7.655088
302418,51.14003,8.98885
302896,52.09325,9.968132
302641,51.857254,8.762894
302249,51.152412,7.8092365
302776,52.150635,10.270919
302138,52.165543,8.946813
300489,52.268845,9.844792
302987,52.506523,9.552769
300184,52.01372,10.325418
301485,52.33593,10.253644
300004,51.741104,9.929844
301341,52.05503,9.047964
300673,51.95417,9.939602
300100,52.1041,9.984168
301491,52.40289,7.99832
300392,52.39738,9.734404
303075,51.9055,9.136225
302942,50.820564,7.788564
301074,51.590324,9.683634
302142,51.944893,9.85433
302130,51.965504,9.958831
303114,51.511547,9.831123
302330,52.14326,9.449857
300982,52.214752,10.076101
300620,52.55914,10.196683
301270,52.11905,10.162099
303119,52.13698,10.040427
300227,51.688038,9.398635
302739,51.909386,8.056795
302949,52.20853,9.720012
302137,50.61765,8.098827
303063,51.779022,9.935133
303038,51.965317,9.952162
300658,50.786045,7.6423717
302533,52.041847,9.588166
303110,50.502098,11.614062
302054,51.3426,10.069421
301800,52.326897,9.641498
300401,50.786167,9.648728
302769,51.13863,7.5850024
301175,50.651363,7.655088
300943,50.72908,7.8092365
301472,52.45823,9.916295
301107,52.028214,10.101878
302636,51.915577,9.318154
301777,52.28824,9.518727
301865,50.77686,11.361819
301137,52.18543,8.582016
302174,52.107006,9.158257
301340,52.201195,10.043472
300180,52.16335,10.320859
301417,52.17222,9.980089
300406,51.962666,10.116598
303042,52.587803,10.287539
303011,50.386192,7.6534524
300028,52.009716,9.987116
301770,51.93723,9.933737
300055,51.30035,7.3215966
300899,51.895214,10.080644
302735,52.407566,9.963993
302562,52.3122,10.093544
302302,52.35153,9.646463
302472,51.472275,9.941741
302033,52.288303,9.0556135
301576,51.338093,8.25926
300324,50.87981,7.461926
302877,51.627495,10.752343
301303,51.16946,8.997808
302611,52.24347,10.08056
302495,51.00152,8.854099
302503,52.193806,10.064375
301475,51.852562,9.864381
301447,51.826546,9.483915
302643,51.92775,8.571399
302295,52.490627,8.033289
302215,52.289845,10.086977
302960,51.944366,9.3520775
301962,52.094345,10.428333
303062,52.212624,10.252407
301548,51.416214,9.536323
300919,51.26596,7.9475455
300537,50.77497,8.333477
300129,51.762093,9.38615
300204,52.4003,9.83694
302257,52.24416,10.199265
303002,52.413963,10.38281
301704,51.995422,9.412561
302873,52.096817,9.918429
300179,52.132042,9.6838255
300067,51.960835,9.161481
301791,52.372135,10.0799465
300625,52.303066,8.73009
300702,51.791553,8.519869
300878,51.576202,9.174527
301558,52.017456,10.082921
300189,52.646397,9.738258
301815,51.93634,11.373868
302690,52.24817,9.916305
302795,51.192757,8.090367
301437,51.84544,10.140289
302462,52.70974,8.1943
301837,50.63346,7.655088
301939,52.598026,7.6666865
300046,51.792614,9.044065
302030,52.156185,10.110106
301296,50.676346,7.6114397
301281,52.66923,7.736294
301931,52.143604,9.819735
302586,52.102215,10.315477
300660,50.505733,7.6836185
300836,52.289238,10.305948
302536,51.857254,9.608666
300611,51.801575,10.519209
300576,50.507812,7.9389005
302841,52.137238,11.738179
301647,52.419815,10.739013
301802,50.931786,8.417843
302857,52.28543,10.1117525
300435,50.52503,7.8589983
302185,52.089096,9.784689
301981,52.159035,9.521262
300871,51.995975,9.777148
301166,51.64966,10.091034
301932,52.001648,9.99472
300801,52.27093,10.636841
300991,52.017166,9.305111
300485,50.96296,8.855123
300031,51.84439,9.968505
300239,51.83073,9.968884
301555,51.77407,8.482733
300720,50.572758,7.744916
303017,51.960835,8.76635
300848,52.41501,9.8726
301047,52.12063,9.566659
303108,51.818523,9.593865
301542,51.849525,10.029198
302561,51.85429,10.060426
301995,50.563923,7.6860747
300794,52.261787,10.109794
300707,50.921303,11.181114
300623,50.731155,7.6534524
301511,52.37258,9.773
300218,50.731895,7.6143346
302124,50.494038,11.907634
302057,50.77129,9.541236
301965,52.301285,10.061324
300354,52.155666,9.500679
301372,51.480003,8.721475
301969,52.25845,9.252996
301976,51.779022,10.03233
300696,52.29521,11.688702
300119,52.09363,7.7645597
302789,50.49102,7.902991
302226,51.667477,8.271082
300771,52.14219,8.004512
300068,51.347755,9.766286
301297,52.21525,9.665025
302596,51.95746,9.201956
301498,52.097275,9.649985
301774,50.946087,9.737556
302113,51.88199,9.953103
301366,52.25106,9.879256
301473,50.34966,7.6534524
302092,51.870228,9.384342
300185,52.76634,7.797086
302291,51.787518,8.215857
303080,52.589336,10.950296
302957,50.07234,10.35398
301731,51.438606,9.991373
302477,51.033962,7.9105577
301408,52.134922,10.146352
301966,52.35764,8.0931835
302783,50.776867,8.009243
302162,52.288326,9.864804
301206,52.24116,10.003192
301007,51.174267,8.926224
302157,52.12392,10.061199
302775,51.893917,10.204692
300786,51.963642,8.773419
300812,52.04933,11.615279
302798,51.372875,10.108683
302913,52.09613,10.0771265
302102,52.324913,10.024749
300791,50.50247,7.7743254
301692,52.025337,10.071927
302082,51.033962,8.127499
302085,51.90837,10.279976
301181,52.311066,9.694328
301948,52.300304,10.72068
302208,51.951473,8.505196
300978,52.173496,9.603622
300379,52.078346,10.447223
302236,52.150715,9.887049
300773,52.093708,10.099871
300300,52.13131,10.436266
300230,51.587105,8.990963
301360,52.672802,7.73928
301018,52.028214,9.3841305
302652,52.55011,7.8920364
302361,52.133644,9.845715
300002,50.63047,11.872294
301635,51.347755,8.655691
300545,52.317886,11.572207
301937,52.124004,9.220302
302727,52.172676,9.347902
301541,51.28122,9.468846
301709,52.228336,9.154863
301467,52.08377,9.515631
300222,51.93634,9.8738165
301516,52.506947,10.252754
301923,51.46277,8.961855
303024,52.376244,8.116668
301422,52.112965,10.063937
302555,51.793823,9.847628
300468,52.10946,10.039187
301783,52.324013,8.018456
302000,52.228985,10.030271
300301,52.591938,10.880521
302344,51.24968,11.872491
302311,50.704456,7.6116
301947,50.82114,12.028448
301620,51.9296,9.889337
301050,52.182785,10.271103
300825,52.575768,10.422389
301805,52.11407,10.203904
300585,52.21035,10.057932
302848,52.12353,10.21299
301259,50.355515,7.6534524
301673,51.993877,11.948415
302832,51.95349,9.798586
302150,51.86237,9.682031
302402,50.51441,8.275897
300975,51.94011,9.952162
301957,50.59267,8.176278
302862,52.116753,9.889576
301188,52.10474,9.951269
302316,52.646397,8.007372
301809,52.22471,11.378964
301096,51.854267,9.073258
302182,50.62615,12.886966
301252,51.23075,9.57379
300112,51.270782,9.060313
302904,50.542408,7.7827497
300198,51.956543,9.955032
301305,50.512333,7.6541915
302410,51.705738,9.038131
301523,52.148354,10.188138
300209,51.145863,9.60567
301827,50.500465,8.700371
301562,51.962833,8.855561
302793,50.872475,9.66991
301852,52.20791,9.530738
300506,51.570545,9.929194
301427,50.597824,7.831824
303018,51.808178,10.444426
302333,51.901623,10.01116
301874,52.21033,9.94828
301879,51.55062,8.748777
300306,52.21378,9.567064
302207,50.983643,8.569865
301824,52.21033,9.917481
300722,51.99525,10.255959
302025,51.416748,9.070525
301528,51.030346,8.374825
303104,52.03342,9.917303
302449,51.823708,10.301346
302676,51.856533,10.262043
302383,52.42803,8.085035
301172,51.967518,9.726669
300432,52.505016,10.349961
302631,52.068592,9.954809
302710,52.58474,7.7645597
302778,51.731884,10.116043
300992,52.62371,7.8092365
302842,51.431637,9.511708
300423,51.84344,9.988174
302997,52.41424,10.005494
300426,52.01712,9.909271
302107,50.565952,11.999649
301178,52.01941,10.014012
300355,52.030228,9.938261
302481,52.018085,10.011711
300550,52.161335,9.978993
301321,52.430855,10.064601
301863,51.594063,8.632248
301056,52.29352,9.735443
301925,50.740948,7.807601
300114,52.400124,7.8938823
301264,51.990097,9.334821
302935,51.95746,10.040971
302656,51.923912,9.047964
300562,52.141716,10.049365
301755,51.88714,10.323369
300674,52.214703,7.6936536
302919,50.481655,7.6534524
303014,52.236607,11.6145525
301622,51.54927,9.821169
302404,50.73475,7.695289
302663,52.08096,10.225728
300073,51.843327,9.120566
300672,52.23677,10.076128
301038,51.89208,9.66276
301097,50.64069,8.943552
300024,50.30907,7.6534524
301308,50.55245,11.755246
302691,52.37021,9.66612
300505,50.84231,9.895816
301122,51.90502,10.012073
300681,52.519768,8.714424
300139,50.798267,12.022409
300522,52.576355,10.1207485
301830,51.143967,9.947427
301508,51.518845,9.903831
301095,51.92696,11.06901
301540,51.248074,12.019535
302962,52.157467,10.031068
301933,52.264603,11.186707
302473,49.426037,10.522061
302118,51.8116,9.185754
300240,52.085625,8.670278
302903,50.560444,8.253407
302370,52.232132,9.326883
302800,52.086773,11.755246
302544,50.894398,9.069829
300444,51.98359,9.156794
302667,52.02968,9.845899
302388,51.78104,9.931527
301108,50.540134,9.249955
300149,52.22353,10.133716
300570,52.05498,10.099871
302171,52.384373,7.819673
302169,51.812683,10.149289
300661,50.498234,7.7058043
301460,52.0348,9.898768
303107,52.157143,9.744691
300011,52.210247,10.086196
300206,50.73334,8.098827
301604,52.012283,9.653814
301990,52.128983,10.074152
300006,52.159985,10.155192
300744,52.549175,10.117746
301860,51.62264,9.612254
302282,52.095108,9.969411
301240,52.047955,9.179974
302929,51.8093,9.879702
301565,52.59183,8.374348
300130,52.197655,9.774321
302046,52.228985,10.007707
301354,52.49203,7.736294
300730,51.112553,8.80655
300622,52.2862,8.852167
300454,51.105038,11.267809
302117,52.162395,9.98926
300644,52.32782,9.785929
302125,52.180603,9.800751
300845,52.074844,9.584335
301323,50.85804,7.6541915
302584,52.51208,8.057692
302888,52.16501,9.814395
301657,52.11103,10.193656
300539,52.023094,9.97982
302603,52.076714,8.218803
301839,50.819134,7.831824
300938,50.507812,11.981783
302225,52.239437,9.267479
300944,50.41331,8.503467
300679,52.21408,9.805975
301002,51.304535,8.3353195
301160,50.64534,7.596151
301530,52.082615,10.085355
301250,52.105034,7.942474
300455,52.220398,9.705818
300074,52.25062,9.473618
300813,50.455246,7.6688023
301722,50.89417,7.9428477
302541,52.054123,8.820627
302482,51.849525,10.12378
301375,52.102215,8.231225
302721,52.215717,10.272666
301806,52.135307,9.704896
301608,52.741783,7.807601
302819,51.883385,10.285
302064,50.85896,9.511185
300065,52.478294,9.082908
300593,51.174866,7.7674
300225,51.16759,10.575426
301524,51.482414,9.572625
300864,51.917606,9.904991
302490,52.13702,9.950201
303130,52.319313,10.3242035
302079,51.998806,9.5987625
300581,51.279385,8.493242
302098,52.15423,10.00057
303005,48.29501,8.603971
303078,50.82464,11.435417
300757,50.442318,8.388207
302861,52.536247,8.13586
301045,52.223858,9.841072
302785,50.626877,8.982984
302965,51.997715,9.747823
303065,51.828777,10.342407
301363,51.849525,9.891847
300140,50.62296,8.986245
302796,50.56393,7.6647067
302094,52.02951,9.725894
300297,52.384396,10.676347
300408,51.2502,7.826176
302034,52.01569,9.911842
300832,52.238415,10.102231
300860,50.572998,7.6534524
300075,51.950153,9.959409
300264,52.179047,9.988691
302566,51.49229,8.900993
301804,52.087334,10.098402
303030,52.06685,9.179454
302294,51.847504,10.472186
300575,50.70219,7.6534524
301150,52.375443,10.558726
302413,50.33684,7.7568846
303015,51.255604,9.305234
302930,52.448124,9.766305
301495,52.021095,9.246945
301094,52.20833,9.8464575
301049,52.074665,10.171392
301941,52.258244,7.942504
302433,52.411636,8.300123
300331,50.62687,7.9428477
300578,52.20833,9.514464
301825,50.479088,10.069744
301454,50.874374,9.982788
302500,51.87133,9.793056
300135,51.510002,7.797086
301572,52.08581,9.996065
303028,52.043015,9.0812435
302214,52.478535,8.032717
301607,52.275955,9.719819
301986,51.658142,8.552995
301238,52.206158,9.872699
302218,52.404274,9.995035
302136,51.90537,9.875204
302759,51.89008,9.465959
300188,51.507812,8.19759
302692,52.119476,10.0900135
301892,50.26689,7.665603
301518,52.325836,9.915559
302394,51.034435,8.098827
301493,52.028214,9.081713
301299,52.19047,10.070351
301285,51.61561,9.196461
300998,51.893368,8.043501
300596,50.21155,7.6384616
300921,51.707005,9.720374
302088,51.894127,8.336093
301032,52.104137,10.102133
302499,52.273853,10.344939
301553,52.152355,10.170924
301276,51.536797,9.741278
302657,52.214226,10.485797
302659,52.108982,8.20396
302781,50.6313,8.205318
302275,49.855927,8.27141
300769,51.956913,9.8959255
302806,52.078213,9.618806
302511,52.100864,10.085484
301642,51.504234,9.567571
302070,52.095108,10.012212
300826,52.284496,9.152378
301688,52.323006,7.989679
300838,52.183464,9.913225
302155,52.11103,10.036454
302773,49.754917,7.9355884
300289,51.893715,9.876146
300213,51.959457,8.767149
302400,52.443405,8.057692
301394,52.258656,9.986662
302619,50.625763,7.6534524
301431,51.18712,8.32428
302239,52.303406,11.014776
302223,52.048496,10.062083
300913,52.527344,9.836943
302308,51.81598,9.161653
300512,51.98221,9.937143
301291,50.779266,7.797086
302323,52.638058,7.935816
302660,51.920452,9.333747
302534,51.2819,9.439966
300901,52.13151,8.142691
301068,50.569183,7.6688023
301831,52.010624,9.609226
300263,51.08168,11.421147
302827,51.82863,9.139856
300411,52.254257,10.13122
301071,50.512333,7.73928
301955,51.830906,9.957329
300217,50.752815,9.472629
300997,52.179047,10.027409
302550,52.14972,8.908411
301537,52.19754,10.377498
300985,51.401146,8.018055
302577,52.35511,8.88863
301017,52.2862,8.331222
301332,50.559113,8.122213
301876,52.3459,8.065304
301602,52.116528,9.516046
302607,52.355503,11.283892
302221,52.254303,10.035509
302549,52.59146,7.9084263
302126,51.921978,9.977244
302217,50.14265,7.6541915
300735,50.896378,10.098466
300493,51.86237,10.014498
302093,52.255272,9.993984
301803,52.252132,8.418053
300510,52.035435,8.318321
300418,51.832767,9.560029
302955,50.41718,12.028448
300487,51.856308,10.050717
302494,51.72141,9.913586
300541,52.174847,11.3398075
300714,50.536552,7.599289
302939,51.944366,9.551392
300748,50.786625,7.8912573
300054,52.135216,9.363434
300066,50.724636,7.642937
301507,51.877213,8.504363
300814,51.32562,8.71321
301902,52.117558,9.545581
301598,52.453747,11.645819
302339,51.528507,11.751353
301289,51.32562,10.499372
302504,52.1907,9.903231
301132,52.069565,9.712835
301021,52.640835,7.752409
302028,52.26219,9.952265
300554,52.165627,9.854899
301114,52.063435,9.629854
302059,52.18189,8.5409355
302684,52.189957,10.213179
302707,51.91082,9.401931
300775,51.396088,10.419691
300754,51.438084,9.261281
301589,52.499416,10.222008
302192,51.817684,8.805049
303064,50.653263,7.6541915
302542,51.21323,10.108003
300764,52.562336,11.684924
302901,52.655247,7.901643
300612,51.524887,9.678707
301862,52.11905,9.995459
302886,51.633495,7.6541915
300984,52.590496,7.7887807
302996,51.800663,8.441848
301867,52.114376,10.217675
302699,50.63868,7.6105433
301985,52.150967,11.504821
300417,52.602325,9.4249935
302096,52.394432,10.166546
301634,51.999153,9.578374
301703,52.16335,10.144583
302416,51.975716,7.6541915
300615,51.48975,9.720297
301198,51.694714,8.930572
303084,50.484734,7.6534524
302516,51.922054,9.670923
300368,52.21172,9.937806
303007,51.36326,7.809484
302675,50.741783,7.596151
301229,52.051003,9.640537
301217,51.856533,9.355395
300779,52.017136,9.809345
300419,52.29568,7.850213
301810,51.83248,10.141867
302464,51.06791,10.085771
300806,51.680813,9.596839
301582,51.00667,8.375353
301392,51.528507,11.08247
302359,51.728676,9.321485
302151,51.917618,9.489254
300182,51.9127,9.654138
302422,50.450726,8.241026
302303,51.88939,9.706887
302228,51.785336,9.921655
300039,52.12702,9.91718
302502,52.13265,10.374269
302149,51.597496,9.734411
300880,51.940304,9.8900385
301573,50.77914,7.866729
300726,52.151966,8.744582
300923,50.412937,7.6534524
302661,52.747837,7.6936536
300172,51.304535,7.642937
301338,51.70941,9.813386
301513,52.049862,9.968612
301708,52.40009,8.0728855
300362,52.08816,9.93477
302103,52.18538,9.042927
303023,51.067062,8.699727
300525,52.283432,9.846835
301859,52.642826,7.6654167
301886,50.507812,7.655088
302858,51.23092,9.966486
301696,52.336338,9.524223
302072,51.352024,9.90605
301480,51.297874,7.6708
300548,52.45515,10.027453
302190,50.795723,7.4740005
301873,52.218014,9.933287
300894,51.760517,9.997765
301606,51.057148,11.565482
300639,52.04417,10.097202
302595,51.931725,8.882702
300274,52.215218,9.982079
300866,51.893772,9.9843855
302698,51.548946,9.805058
302476,50.925293,9.901337
302677,52.288696,10.280628
301655,52.028538,10.004607
301121,51.923588,9.610478
300107,52.215717,10.010782
300314,51.221085,10.033015
301388,51.89208,10.244672
302111,51.452953,9.31383
301967,52.32397,9.626105
300199,50.04885,7.73928
301339,52.27871,10.223541
301162,52.205338,9.473606
300009,50.56999,7.6541915
300340,51.30692,9.0841
303057,51.816277,9.321632
301724,51.522316,9.838131
302591,51.62195,10.154681
300224,52.229053,9.181737
303138,51.916622,10.0891
300889,52.016434,10.00128
300928,52.08853,8.9622755
301682,52.012283,10.117898
301761,52.26126,10.290058
300507,52.202255,10.009328
302576,50.25009,8.292614
302424,50.777832,7.980133
302513,51.952034,10.554218
301398,51.759304,10.010712
300223,51.996254,9.953733
301487,49.958736,7.599289
300776,52.27491,9.729634
302852,52.24868,9.970931
302437,52.35957,10.347639
302063,52.06288,10.377498
301265,52.34406,10.065855
302522,51.89603,9.191974
302280,52.05605,9.93769
300925,52.33774,8.855972
300275,51.818146,10.157935
301147,52.293087,8.267046
302560,51.567856,9.116585
303049,52.27605,9.956002
302415,52.045174,11.380446
302451,51.270695,8.793687
303072,50.386192,7.6534524
301539,52.25845,10.0339575
300669,52.1942,10.036548
302893,52.23353,11.775784
301302,52.18063,9.994593
300697,52.199177,9.93131
302195,51.65718,9.964123
300168,51.565056,10.003425
302362,52.20124,10.266682
302826,52.088284,10.62448
301841,51.86037,9.062585
301661,52.318478,10.339024
302258,52.39835,8.099724
301275,52.22228,10.949139
301434,52.236862,11.623439
302065,52.067856,8.697668
301034,51.953705,10.953709
302951,52.23981,8.410386
301853,52.245705,8.335918
303096,51.986504,9.725421
302367,52.08574,10.043722
301463,52.132385,9.885528
300250,52.33864,7.8652415
301526,50.484734,11.835846
302273,52.175674,9.983357
302112,50.66328,7.642937
301149,51.831207,9.160644
302276,51.605736,9.920516
300631,52.273884,8.105665
301832,51.923912,9.820207
301984,51.382484,9.575098
301349,52.278214,10.100841
302265,52.183468,11.625536
300804,50.553013,7.6534524
302889,52.070415,9.185108
300973,51.062626,7.642937
300120,50.34966,7.6105433
300259,50.41024,11.981783
300557,52.261124,10.50772
301838,52.16609,10.59553
300023,52.20875,11.354798
302973,51.96807,9.40999
302953,51.166656,9.0841
301617,51.85979,7.874303
301432,51.245197,7.7901263
301029,50.419876,7.596151
302066,51.93874,10.016313
300211,52.18176,10.513146
302058,52.047947,9.915832
300014,51.893368,9.370441
301290,51.987682,8.4417
301798,51.73682,9.865973
300666,52.14237,10.489135
302163,51.843613,10.275547
301189,52.04699,9.987134
300361,50.909363,8.4417
302986,51.994667,9.611694
301828,50.565514,11.998136
302032,51.284336,9.665291
302305,51.895916,8.138752
301870,52.192932,8.726673
300942,51.973568,8.666236
300621,52.1756,9.034225
301849,52.08086,9.993794
300718,52.442387,9.804276
302393,51.2007,10.992172
300056,51.727955,10.04482
301856,52.2251,9.99418
302456,52.204308,9.968632
303106,51.84219,10.107229
302328,51.828777,9.774593
302498,51.708286,10.009328
301186,51.776234,9.041756
300753,52.094254,8.27084
300533,52.168285,8.087416
300725,51.122658,8.183896
302056,51.797276,7.5088596
301269,51.42884,9.935175
302613,52.25576,10.495574
300653,50.41024,8.057692
302230,51.112896,7.6943927
300833,50.6739,7.903543
300858,51.778183,8.444991
300972,51.490353,8.990963
302645,52.37682,9.941492
300760,51.881058,9.994506
300678,52.198017,10.324519
302002,52.63753,8.199466
302212,52.08614,9.216467
303109,52.19472,8.969175
302165,51.776234,8.4712715
302255,51.873074,9.978201
301210,52.188168,9.792125
301713,51.50233,9.905137
301138,51.766724,10.0339575
300202,51.929287,9.707293
300717,51.857254,9.462658
302306,50.778698,8.854319
300961,52.267517,8.396471
302144,51.851524,9.792424
300470,52.15887,10.633379
300052,51.93908,9.988133
301769,52.163788,9.56498
301633,51.881664,9.953871
302638,52.00236,11.548361
300932,48.699047,8.699767
300524,52.336338,7.9830337
300412,52.0686,9.71525
302188,51.999203,9.796897
301133,51.962666,9.999215
301135,50.609493,7.8811045
301246,52.31484,10.0220375
300214,51.808483,9.649545
301946,50.566322,7.642937
301163,51.635525,8.799235
300745,50.70458,7.642937
301936,52.195656,11.058106
301239,51.824535,10.574756
301058,50.35298,7.6534524
300372,52.206837,9.82294
302069,52.585506,8.295897
300883,52.160187,10.383785
302948,51.934265,10.193327
301428,50.512333,12.028448
302635,50.358154,10.882306
302932,52.33255,9.950796
302845,52.137394,7.6712112
300691,52.494907,9.115635
302597,52.096924,9.451421
302750,50.6237,7.679723
301165,52.152206,9.911829
301611,51.856266,8.010307
302559,50.557854,11.563874
300971,52.216522,9.636563
302702,52.355442,10.153867
300104,50.512333,7.642937
301686,52.192486,9.959274
301079,51.916203,9.652683
302445,52.271843,9.85895
302803,50.569183,7.63949
300686,50.62378,12.028448
300278,52.13419,10.004964
302491,52.583714,7.746766
303121,52.036827,9.795995
301267,52.12444,9.465164
300597,51.349754,8.543748
301944,51.853275,9.840688
302061,52.111603,9.531006
301471,52.17315,9.920391
301988,52.267914,9.405954
300852,51.773216,9.277958
300844,50.790443,7.788564
300600,51.961296,9.810936
303048,50.801094,10.068709
300808,52.672802,7.8626223
300325,51.496338,9.399678
300797,52.5954,9.912413
301067,50.512333,7.7668
302650,50.312943,7.6534524
303094,52.073463,9.911328
300005,51.755077,10.084077
301982,51.482414,8.900756
301494,51.81398,10.122312
300983,52.03438,9.860782
301998,52.30238,11.389438
302147,51.39753,9.707557
302539,50.67602,7.9291697
300475,51.97987,9.925479
300476,51.7865,10.643327
301521,51.009975,7.7916226
303013,52.287228,7.892528
302670,51.006046,9.811849
301850,51.906113,9.106319
302994,50.635117,7.8368983
301883,52.091595,10.153544
302060,50.52987,7.596151
301974,52.15247,9.942599
301274,52.105846,10.580819
301560,50.76069,7.8619895
301920,52.288326,9.998299
301730,52.313793,10.027438
300142,51.606064,7.8920364
302454,52.01556,10.363135
300294,52.173454,9.807877
302993,51.071686,8.056795
302612,52.24563,9.980984
301637,50.76145,7.596151
300904,51.865753,8.856751
300308,51.566505,8.786974
301266,51.156223,9.229476
301286,51.946754,9.10467
300348,52.293144,10.022355
301144,50.675396,8.619662
301158,51.8473,10.031571
302455,50.798214,9.633591
301268,52.050125,10.359619
300366,52.141785,9.260087
302944,51.85484,9.062963
300103,52.04378,9.9989195
301989,51.6679,9.095548
302758,51.836346,9.260525
303051,52.15596,10.100832
300483,50.648495,11.061003
302732,51.275925,7.8460364
300818,51.934353,9.506585
300323,52.08157,9.048891
303056,51.632805,7.9123535
302430,50.355515,7.6534524
300464,52.076714,9.731278
302579,51.977077,8.568922
301405,51.06979,7.6534524
302664,52.182426,10.2766695
300876,51.944702,9.116585
302219,52.199383,9.847262
302353,50.64195,7.8531694
302256,51.02057,11.738179
300431,50.935482,9.744533
300424,51.01907,9.379856
300069,50.41718,7.642937
302689,50.53712,9.116967
300017,51.34313,9.449191
302838,51.89008,9.393909
301584,51.465736,9.503398
301600,52.101734,9.697702
301484,51.789692,8.59465
301477,51.964565,8.400988
302369,51.963543,9.7389345
301711,52.12165,8.474993
300173,50.818493,8.423887
300834,52.063435,9.608736
301131,51.955578,10.084739
302248,51.522755,9.776284
302156,51.702423,9.423465
302146,52.261787,8.238859
301503,51.976135,10.115971
302801,50.512333,7.6507444
303052,51.91349,9.814997
303101,50.25885,9.929621
302471,51.797638,9.4114275
302345,51.907375,9.918172
301752,52.04325,9.891739
302246,51.6302,9.991486
302892,52.02401,10.335448
302777,52.28275,9.432382
300178,51.765102,9.992954
300242,51.979965,9.565595
301840,52.208233,9.524653
301628,52.144917,10.286388
301679,50.604862,7.8499274
301991,51.387016,9.068722
301918,52.10324,9.527334
301012,52.144577,9.967325
302231,51.996582,9.036141
300654,51.447784,9.830678
300865,52.079388,8.53092
302307,52.182884,7.6328187
301700,51.843884,9.955849
302284,52.214752,10.336706
300257,52.62622,8.09408
302556,52.491577,9.893125
301093,52.04187,9.422204
300723,51.655476,10.014538
302187,51.994667,9.212276
301185,50.72087,10.048374
301794,51.912743,10.133716
300917,52.253574,11.755246
301643,52.135098,8.142691
301669,51.84616,10.161452
302594,52.09163,10.352909
300044,51.846058,9.068662
302041,52.185783,10.415462
302753,52.60591,7.8092365
302363,52.16506,7.9952707
301609,51.929287,9.355215
301379,52.33581,8.007372
300837,51.374058,9.858184
302653,52.333645,9.746495
303022,52.021797,9.023579
300445,52.047752,10.280628
302770,50.543774,12.041945
300840,52.471153,8.79129
301536,52.317528,9.312953
302238,52.184277,9.1421175
301337,52.563435,8.121861
302349,50.34845,7.596151
301993,50.78529,8.205318
302834,52.111107,9.837083
300536,51.43573,7.9765697
302172,52.350754,8.513744
300551,52.279995,11.549434
301538,51.843613,9.954099
300236,51.716602,10.279523
302747,50.26036,7.6534524
300195,52.229645,9.808361
302376,52.35957,8.412722
301418,51.944366,9.995448
300377,50.786045,7.596151
301756,50.97177,9.537104
302737,52.20734,10.518693
301117,52.672802,8.045541
300706,51.788685,9.43512
301022,50.507812,7.642937
300064,51.8649,8.421268
301737,51.6797,10.423238
301597,50.36187,8.05559
302928,52.55077,8.2028885
302590,50.292404,10.157686
302077,51.110813,9.631039
303133,52.11103,10.155192
300404,52.26981,9.8438635
300376,51.766632,11.528105
300882,52.326595,9.905057
300935,52.216557,10.042904
301506,52.41501,10.223382
302512,52.14334,10.004426
300061,51.889534,8.523939
302166,52.32416,10.081042
302081,52.160267,10.133135
302816,51.354965,9.057649
301085,51.928604,9.821333
300329,52.352722,9.530899
301395,50.40436,7.6534524
301386,51.776817,9.655568
301719,52.090298,9.433885
302016,52.14355,8.900756
301015,52.45588,7.80834
301260,50.80618,7.7094984
300247,50.886074,9.741953
300022,52.055614,8.345361
301729,51.961296,9.919874
300101,52.315628,10.229831
301123,52.62719,8.049143
301089,52.195095,9.239604
301320,51.699036,9.37677
302134,52.195316,10.19032
300183,52.06739,10.071761
302714,52.307026,9.163241
301441,51.81749,9.811093
301048,51.68449,9.165854
302532,51.08691,9.305748
300234,51.86922,10.226497
301694,52.1928,9.97149
302514,50.992107,10.478855
301060,52.097195,10.061603
301157,52.642826,7.780634
301110,52.01066,9.500735
300986,50.663918,12.022639
301399,52.088062,10.144666
302414,51.998634,9.070516
301300,50.59616,11.932913
301626,50.778698,7.703007
302567,52.652435,7.893429
302288,51.13527,7.6534524
301361,51.263027,9.104739
301788,50.75252,7.6688023
300328,52.192528,9.907144
302854,52.11022,9.987869
300687,52.270172,10.037346
301676,52.25524,7.9853067
301003,52.153446,9.758455
300949,52.323532,7.80834
301205,52.069035,10.039066
300260,51.61481,10.089186
303037,52.231632,10.237649
300906,51.961075,9.973878
302440,50.6194,11.728718
301280,51.83136,10.121629
300841,52.414673,8.805049
303128,51.58442,10.077997
302851,51.58414,11.558922
302644,51.360462,8.779628
300134,52.425808,10.024409
300465,52.24094,9.953763
301182,50.9309,7.727682
301325,51.728676,10.030003
301415,52.652573,8.323073
300749,52.01054,8.229022
303124,52.406445,10.2171
300586,51.505024,9.061523
300945,52.189957,9.942211
302626,51.747578,9.56081
301470,51.052692,8.482618
300959,52.28498,9.251201
302572,51.996277,9.578909
302012,52.701477,9.559886
300429,51.418888,9.015848
300572,52.22175,9.864634
300170,51.042686,9.488458
302809,49.71183,10.122128
300629,52.047947,9.417814
300336,52.160492,10.313263
300079,52.172832,9.720536
300567,52.19281,9.855665
301078,52.20786,10.210666
302068,52.452667,10.159415
302496,50.836178,7.8773923
302788,52.318096,10.03547
302799,52.508694,10.8247
302091,52.121613,10.024799
302501,52.103943,9.584351
300437,52.361057,8.703188
301231,51.94323,10.156732
302329,52.451992,10.478074
300141,52.11905,9.893206
302998,51.91001,9.550291
302975,52.158928,9.531605
301921,52.14071,9.789547
300613,52.10167,9.971002
300768,52.328045,10.017949
300219,52.268764,8.302078
301102,52.25602,10.063029
301053,51.808483,9.506979
300492,51.974594,9.71018
301234,52.102215,9.455087
301512,52.261787,9.972592
301176,51.64216,9.829191
300954,52.30808,9.712533
300867,52.178104,9.565156
302100,50.643444,7.6534524
302730,51.99464,9.62115
302927,51.57967,9.350056
300520,52.30238,10.117835
302385,52.205917,9.91769
301517,51.91082,9.777482
301483,51.914047,9.264309
301486,52.440525,10.317532
302917,51.900124,9.465959
300161,52.292038,9.21402
301671,51.71892,10.012365
300774,52.16026,9.473028
300414,51.10493,9.854425
301214,52.38241,9.905606
301813,50.662518,7.582837
301792,52.169544,10.998959
301639,52.607388,8.300957
300659,50.725025,7.655088
300117,52.280846,10.451921
301716,52.063057,9.062516
301284,51.60372,9.900583
301592,52.09613,10.059441
300474,51.199474,10.051924
301118,50.512333,12.041945
302133,51.86896,9.175275
300504,52.342453,10.268068
300433,52.324825,10.101615
301914,51.32562,9.3504
301585,51.895916,8.892553
302616,51.1677,9.401983
302148,51.94011,9.558007
300655,51.817684,9.584261
301945,52.036182,10.056538
302592,52.27676,10.068858
302398,52.302948,10.670277
302290,50.872566,7.6943927
303001,51.555355,7.6666865
302967,51.805695,10.0241995
302945,50.632626,11.755246
302624,51.333263,8.0209675
301814,52.11288,9.787062
302140,51.633495,9.246276
302716,50.576015,8.013015
301789,50.43944,9.796357
302397,52.136497,10.181595
300133,52.32775,10.064608
300657,52.137478,9.711511
300594,52.271263,9.846172
302552,51.962833,9.599104
302381,51.82353,10.030113
300090,51.947147,9.472371
300708,52.21857,8.632789
300893,52.090588,9.93287
301641,51.98298,9.082072
300144,51.53156,9.354052
300080,52.374153,8.098827
300667,51.817074,9.585873
302005,52.16206,11.047869
302317,51.816277,10.205484
302177,52.113914,9.948163
302969,51.647915,7.8934245
300277,49.69349,8.553651
301155,52.194763,9.906188
302658,52.188145,9.757439
300810,50.695557,7.6534524
301195,51.933353,9.352795
301571,51.879337,10.058796
300519,51.96956,9.951269
301549,51.7125,9.95986
300763,52.25967,9.983081
302580,51.288628,7.819673
300108,52.17315,9.733906
300782,52.27594,9.456796
301420,49.703617,7.7910705
301649,52.525097,8.043501
301209,52.32799,9.0318775
301424,52.167587,10.423098
302865,52.25838,9.556775
302811,51.036224,9.416689
301613,50.821335,10.500237
302429,51.891937,8.514396
301282,50.593674,10.742956
301129,52.264126,9.104963
302285,52.154907,10.687236
301796,52.11287,9.046294
302241,52.42856,10.310619
301004,51.95746,9.7356205
301445,50.68602,11.953121
303135,51.44076,7.6534524
301544,51.992302,9.95077
303009,50.931778,9.9865675
302438,51.993874,9.425002
302364,50.30363,7.6541915
302870,51.706608,9.931983
301174,51.904472,8.956518
301942,52.163082,9.892372
302380,51.91616,9.917593
300322,52.11553,9.770313
301913,52.0377,9.057808
300262,52.24784,10.533601
301878,52.208065,9.851615
301938,51.89829,10.261638
300995,52.443317,8.007372
300532,50.74644,8.1319065
301081,52.26716,9.619251
302254,52.38241,10.211521
302697,52.034397,9.534449
300976,50.864975,7.655088
302923,52.646397,7.768483
303006,51.477245,9.02679
300059,52.303055,10.293252
300312,51.263866,8.134691
302426,51.037323,8.861292
301514,50.11783,7.6534524
302814,52.352993,10.418498
300683,51.837967,9.333752
302682,52.20812,7.868543
300946,51.71792,9.628241
301822,52.100956,9.573254
302568,52.283512,9.699634
300025,52.192806,8.177881
302007,52.127254,9.870901
300295,51.83678,9.056977
302245,51.960835,9.991134
300602,51.482018,7.9886765
302143,52.374153,8.501704
301333,51.856533,9.206031
301910,51.83486,10.013853
300416,52.100994,9.5220585
301492,52.021782,10.017553
301625,49.61608,11.738179
300463,52.187008,8.30831
301374,50.632355,7.652727
300012,51.700706,8.054461
301577,52.30694,8.153758
300579,52.23156,9.739443
302315,52.03512,10.120328
300816,52.152737,10.068781
301046,52.205025,7.7690353
300931,50.348747,7.6534524
301153,51.960835,9.729337
302043,50.6483,12.028448
300081,52.519768,7.831824
302771,50.803482,8.942193
302312,52.18054,9.967371
303136,51.050236,7.7636633
302104,51.964035,10.306297
302263,52.060383,8.231475
302672,50.72604,7.797086
302299,50.76145,8.491653
300580,52.145874,10.213951
300952,50.740105,7.797086
301904,52.231754,9.876162
302086,52.00075,9.705695
302488,51.06447,7.6936536
300890,51.74232,7.825306
301835,50.98491,11.374514
300439,51.041527,8.390551
302530,52.454617,9.667623
303058,52.642826,7.8784337
300320,51.985256,9.512661
300395,51.750977,9.692899
301232,50.41718,7.596151
300853,51.162594,10.581128
300057,51.513218,9.685239
302181,52.123146,11.382567
301908,51.3624,9.121341
300286,51.906357,8.7632265
302754,52.337467,10.524389
301864,51.676903,9.980429
301369,52.12244,8.907225
300403,52.117336,10.576341
300258,52.029163,9.021395
301509,51.947857,10.01995
302259,50.60466,7.748268
302633,51.880245,9.015348
302906,52.177525,9.441207
300828,52.27421,9.916958
302525,51.840572,8.607616
302669,52.215477,8.779463
302950,51.79941,10.962248
301842,50.230408,12.056207
302728,52.193806,10.190014
300268,50.50771,9.53523
300394,52.62563,8.8779955
300448,50.70607,9.146076
302128,50.512333,7.6936536
302696,52.362003,8.007372
300175,50.722588,9.602387
300402,52.0177,9.909039
300495,51.372063,9.367354
302478,51.482414,9.587255
302604,50.56393,7.642937
300494,52.1023,9.972242
300018,52.399837,10.327784
300641,52.33028,9.898327
300638,52.099148,9.8971
300398,51.91254,10.104815
302895,51.96527,9.613997
302264,52.197285,9.982002
300332,52.0731,12.000311
302493,52.205666,9.720705
301764,52.12875,10.000384
302822,50.6272,8.868943
302485,52.57586,9.8810005
302774,51.635525,9.6519375
301786,51.100986,8.194202
301578,51.308838,9.8871565
301685,50.680546,11.812328
302680,52.16026,10.0948
301248,51.665604,9.623434
302683,52.2536,10.154696
300105,52.32935,10.138588
300338,51.55281,10.328638
302655,52.124733,9.926302
301271,51.86805,8.608754
300967,51.565342,9.600892
302271,52.044174,10.036052
300811,52.20118,9.627544
300099,51.69584,10.013276
300147,52.546432,10.364298
302431,50.08941,7.6936536
301326,50.744164,10.091213
301496,51.50705,10.618878
300208,52.028214,9.898468
301014,52.209133,10.359302
301212,51.91082,9.846217
301489,52.172646,9.148809
301812,51.85387,10.115971
300351,52.16584,9.821381
301455,50.532703,12.028448
302386,52.08096,10.235242
303086,50.428043,7.797086
300288,50.657127,8.773067
302279,51.252903,10.634428
302340,51.564972,8.284178
301887,50.56975,7.6541915
301787,50.476597,7.6688023
301627,52.222435,7.85721
301318,50.635437,7.6534524
302673,50.517788,7.6534524
302374,50.26036,12.028448
301951,52.0959,9.640971
302450,50.813976,7.599289
302017,51.315956,9.9754925
301983,52.03787,9.844761
300564,52.214424,8.570807
301031,52.349472,7.7237587
300477,52.031002,10.102133
303126,52.05735,10.095908
301387,50.446095,7.6688023
301551,52.080616,8.885
302403,51.495407,8.050126
302605,51.898125,9.750817
300637,51.85824,10.122264
302744,50.898243,8.271036
300390,51.508,9.2027
301063,52.186275,9.968995
303074,52.235126,9.386889
300929,51.826397,8.910342
302531,50.80514,8.795295
300349,52.020767,10.217675
300905,52.100994,9.756056
302460,51.890213,8.98794
300041,52.116528,9.880319
302751,52.199306,10.374445
300915,52.070415,9.418668
302004,50.638706,7.6688023
302465,52.017773,9.757435
301169,52.127254,10.080142
303099,52.24416,10.048574
301330,52.085938,9.077782
302487,52.36057,8.138752
301368,51.868996,10.824431
302189,51.861298,11.063432
302199,52.03072,10.559573
300900,51.839577,9.937768
300311,50.914555,9.493828
302632,51.639626,9.791734
302021,51.29842,9.596561
300460,51.643158,7.7674
300137,51.46566,9.643474
302578,52.382816,8.908562
301261,51.57892,9.68171
302243,50.455246,7.599289
302184,50.679325,7.6292553
300156,52.16883,9.895741
301546,52.590496,8.927702
300875,52.30116,10.200492
302606,52.178074,10.347634
302755,52.28078,8.175386
301256,51.592575,9.96149
302051,52.079773,9.694097
302688,51.771236,9.905909
300703,52.438087,8.802369
301351,52.34135,9.952738
302812,50.590523,9.990186
301743,50.77129,8.159594
301092,51.73023,9.452457
302201,50.825653,10.039066
302790,51.641685,7.8262024
302797,52.161644,9.486021
302991,51.808483,10.623173
302461,51.84106,9.019846
301430,51.841343,10.031662
302170,52.145927,9.87785
302080,52.637264,8.5845995
301749,51.501446,10.62097
300162,52.178535,11.631619
302224,51.787518,10.039145
301006,51.726826,9.732486
301013,52.16319,7.654536
300387,52.153263,9.7885895
300078,51.421856,10.238748
302615,50.990288,8.725108
303034,50.507812,8.055876
303093,50.643913,8.750269
300868,50.57019,7.7568846
301566,52.052162,9.884304
300160,51.962482,9.854414
301784,51.261208,8.614422
300346,52.221165,10.16884
302048,51.691044,8.878018
300907,52.101803,10.246906
302026,51.960064,10.062593
300480,51.892654,10.36501
300571,51.78736,9.917645
302640,50.57592,7.475812
301793,52.66322,8.038361
302336,51.674114,9.993384
300457,51.636776,10.639704
300981,51.464386,7.9928703
303132,50.848064,11.946915
303088,51.36326,7.655088
300987,52.1275,9.9909
302377,52.070454,9.280824
301502,52.455322,10.482893
301317,51.2916,7.7100983
300538,51.931957,8.886992
300309,50.516148,7.665603
302160,50.512333,7.599289
301247,50.40791,7.526562
301893,52.07379,10.078622
301959,52.052807,9.962465
302119,51.605,10.191456
303076,52.381298,9.594455
302318,52.222878,8.983422
302047,51.884,8.049821
301519,52.03894,9.844365
301591,50.662518,8.45998
300970,50.481655,7.6534524
300409,50.56403,7.6114397
303059,52.102215,9.653971
302467,51.183678,7.874186
302972,52.151787,10.278028
301482,52.495697,8.038361
301243,51.983162,10.078622
301935,51.645992,10.882265
300535,52.184406,10.124313
300298,52.19397,9.465023
302794,51.699097,8.283436
302022,52.34412,10.127111
301895,51.875168,8.706011
301595,52.024143,9.551888
302179,52.004536,10.234642
300370,50.481655,12.028448
301623,50.573982,7.6688023
300413,52.00845,9.870922
302867,52.27392,10.88348
301116,52.14877,12.10341
301145,52.043804,9.445307
300155,51.92949,9.319224
300026,52.01057,10.091422
302274,50.78478,10.357185
300048,50.69919,7.797086
300777,51.67096,8.532937
302914,52.155792,9.307651
301843,51.528507,8.620677
302417,50.873085,10.549628
300979,51.16946,7.948539
300245,51.914814,8.703471
301912,52.566193,8.808905
301640,51.99098,9.192778
300317,52.263977,9.154943
302351,50.500465,7.655088
303137,51.216743,10.340581
301168,52.296856,10.029126
302995,52.38484,8.364123
300573,52.06738,11.492163
301723,49.297516,9.534449
300843,50.983593,9.9229145
300643,52.55336,10.220714
300357,51.15977,9.403651
302432,50.15555,11.040982
302813,48.924084,9.9944935
300716,51.851772,10.010782
301534,52.01066,9.768588
302823,52.492184,7.655088
302090,52.444565,10.487232
301795,51.847225,10.080715
300109,52.133125,9.66984
302729,52.4615,8.137165
301429,52.35957,9.74918
302373,52.612682,7.7749963
301010,52.248203,11.485533
302027,50.34236,7.654536
301629,51.898468,9.942211
301707,51.47198,9.594691
301736,52.099304,10.557069
300327,52.224422,9.955165
303100,52.082233,10.047561
301442,52.07408,9.932413
301871,51.969887,10.033944
300857,51.893917,9.81947
302178,52.180843,7.9015145
300514,52.015713,8.332113
302319,52.185696,10.230513
302545,51.583134,9.542989
302833,50.642338,7.655088
301224,52.17232,9.948695
300821,52.407135,9.564822
301689,51.946247,9.43979
302099,52.186714,11.097156
301773,51.963543,9.738137
300365,51.786816,9.785224
300045,51.881306,9.0179615
300856,52.077026,9.891516
300482,52.30015,10.017406
302573,51.07946,10.055886
301011,51.338917,8.045541
303041,52.661285,9.474758
301816,51.23143,9.9331045
303033,52.17095,11.354879
301039,52.063057,9.166473
302821,51.237667,9.078202
302810,51.678375,9.823584
301016,52.351692,9.899394
300498,52.029404,10.0395775
300497,51.602257,9.920381
302392,51.572483,9.076089
302205,50.64749,7.797086
300098,52.194862,10.075986
300020,52.18107,10.279328
300517,51.11802,10.134275
302378,50.869064,8.008892
301419,52.424976,10.09556
302752,52.10576,9.928311
300896,52.670868,9.174088
300458,50.59267,7.8244405
303025,51.916622,10.044465
302286,52.086746,8.0128765
302396,50.08294,12.515484
301304,52.21706,10.159261
300177,52.22065,9.593451
301295,51.92775,9.544931
302609,51.91082,10.014128
301574,51.138794,9.70479
301086,50.95646,9.876792
301171,52.142014,9.812645
301645,50.376232,7.599289
302835,51.843327,9.913814
301836,50.65564,12.088095
300339,50.512333,7.7690353
302792,51.895233,9.1758585
300038,50.41718,8.689314
300648,52.608234,7.625589
302337,52.378624,9.508064
301009,51.916904,9.537062
302244,52.466152,10.596452
302089,52.36817,9.535075
302479,50.98842,8.340033
302084,52.190483,11.4565325
302220,52.06807,8.68917
300407,51.48759,10.036948
301393,51.82737,10.141577
300270,52.1251,10.019875
302985,52.90265,9.06386
301042,52.15844,9.849781
300778,50.500465,7.599289
302240,52.48438,9.576289
302574,50.88464,9.677532
300755,51.92775,9.7304125
301952,52.627155,8.29113
300977,50.61067,7.6114397
301439,50.861397,7.7674
302887,51.528694,8.679622
300452,50.547573,7.665603
301179,52.55919,8.0931835
300855,51.86797,9.6616
301699,51.44064,7.7438874
302802,52.264915,9.921022
301090,51.858536,7.8927774
300846,50.3865,7.6688023
302382,51.724236,9.804951
302076,51.65141,9.136175
301040,50.481655,12.101912
302553,52.348007,8.077918
300343,52.260067,10.414948
300589,50.35406,8.277393
302232,52.43419,8.29221
302097,51.536797,9.940034
301899,50.826202,8.177917
301226,52.01937,7.975673
302309,50.47731,7.8532276
300089,52.560867,7.5133405
302686,51.965443,9.368637
300400,52.013393,9.513769
301343,51.808483,9.881514
300248,51.133476,10.980911
301732,50.683804,8.931783
300281,52.672802,7.80834
300939,50.26036,7.6534524
300252,50.61489,7.770129
302920,50.512333,7.807601
300908,52.03233,10.132687
302925,52.493492,10.35739
300091,52.672802,8.669346
301064,51.788685,9.657129
301414,52.35783,8.08193
300143,51.93974,8.618472
301868,52.195877,11.777194
302952,51.965443,11.064362
302982,51.997917,10.249112
302013,52.145348,9.987507
302618,52.084873,9.70687
300817,52.105915,8.944788
303091,51.893917,9.875886
302484,52.179077,10.532585
302197,52.139175,8.007372
302685,52.133633,10.321841
300632,52.196495,10.30582
300315,51.78418,10.321521
300125,50.6459,7.599289
300040,52.242836,10.193261
301612,51.21323,10.406374
300590,52.642826,7.797086
300968,50.87772,8.10326
301690,52.34628,8.2514305
300627,52.235657,9.520473
301593,51.931957,9.962007
301024,50.530697,7.6114397
301315,50.708458,7.6534524
302743,52.11621,8.395901
300033,52.05605,9.689745
300304,51.173782,11.962247
300584,51.960835,8.62126
301059,51.92775,9.338505
302916,52.11898,9.845756
300244,51.60694,8.13755
300847,52.099636,9.387223
302639,50.686028,11.886248
302824,50.438232,7.768139
300450,52.231186,10.5390625
302518,51.938038,7.6831384
300649,52.578117,8.251022
302278,51.786194,10.007376
302252,52.00697,9.862628
302458,52.219566,9.961185
301065,52.171856,8.203707
302517,51.267216,9.212292
300010,51.843613,8.240971
302268,51.96868,9.932371
300013,52.455544,10.086692
301775,50.56393,12.056207
302651,52.083344,9.679491
302320,52.236805,9.876162
301443,50.671257,7.8092365
302183,52.097164,10.281278
301237,50.630035,7.6534524
300167,52.188892,9.012837
302106,51.43082,9.954797
300800,51.913376,11.688702
301992,50.694576,7.6114397
300805,51.872463,10.023866
301739,51.19623,9.599556
302406,52.18176,9.990425
300196,51.974,9.859213
302152,50.57019,7.9428477
300197,50.614292,7.6114397
301225,52.318657,9.4293995
301204,51.938442,9.643391
300496,51.92826,10.030252
300110,51.84344,9.951521
301533,52.12392,10.054124
301101,52.003284,9.021388
302912,52.19996,9.6409025
302924,52.511265,9.176986
301575,52.18054,10.107079
300854,50.695557,7.6688023
301907,51.79131,8.494528
300508,52.014015,8.559108
302779,51.808437,10.317811
300231,52.517643,8.213295
301390,52.519463,8.941558
301550,52.450676,10.029779
301972,51.88102,9.705142
300767,52.14763,10.057932
300389,51.702423,9.91451
302902,52.204212,8.5042
300241,51.588337,9.813386
301444,48.351948,7.7749963
302599,50.634296,7.9646106
301768,52.17315,10.031585
301587,52.04396,10.226091
301112,52.202873,9.991185
300693,52.305996,9.537074
302173,51.477135,10.351914
302621,52.04325,10.108003
301277,52.081833,10.169299
302984,50.56671,7.642937
300582,51.838253,10.001104
303123,50.754868,9.593827
300499,52.27384,9.6699
302694,51.95017,7.8309274
301829,50.234066,7.642937
301510,51.85611,8.8545265
302348,52.511112,8.44961
301288,52.043877,9.530691
302979,51.60344,7.6292553
302881,51.082222,7.940487
302159,52.489403,7.807601
300540,52.03342,9.185921
300071,52.13009,10.225741
302387,51.923912,8.868984
300229,52.256153,9.773068
300503,51.583435,9.269293
300461,51.973354,9.953068
300694,52.014805,9.779923
303055,52.17437,10.058404
301564,50.45048,7.655088
300807,52.256252,8.401129
301644,51.980614,10.551097
300453,50.855015,7.515308
302720,52.18013,8.272121
302647,52.147457,10.282127
300526,50.532314,7.9677405
300397,52.00093,9.276325
302695,52.277027,9.969907
300606,51.77509,9.222751
302519,52.20997,11.65353
301823,51.9161,10.02059
300165,52.10557,8.981626
303010,51.83291,9.183922
301215,52.215218,10.085058
301051,51.78073,9.659605
300803,52.23812,10.2301
300138,50.481655,7.6534524
301457,51.826153,8.611953
300676,52.149178,9.806525
301666,51.965504,9.818764
300085,51.552933,9.163241
300037,50.76252,11.815212
301567,52.13151,10.054138
303061,50.383976,7.596151
302642,51.61901,10.199567
301061,52.08485,10.182598
301307,52.295853,7.6831384
300190,52.117363,10.941602
300924,50.770966,7.655088
300385,50.297424,7.599289
301194,51.74548,9.503899
301410,52.27363,10.571788
302075,51.916904,8.712614
302186,51.221767,10.699193
301409,52.066875,10.193261
303039,52.56655,11.528481
303012,51.94404,10.01007
302167,52.106556,9.611823
302740,52.06173,11.506194
302121,52.192093,7.797086
302062,51.960327,10.259244
302959,52.508595,7.807601
301687,51.81665,9.694938
301847,52.428356,8.354961
301111,50.820053,7.6534524
301747,50.651573,7.642937
301161,51.37549,10.099908
302868,51.844524,8.099724
301782,52.223858,9.98117
302213,50.575775,7.6831384
300746,51.08213,10.435696
302015,52.497158,9.920777
300122,52.134113,10.295619
301273,50.386192,7.6534524
300951,52.181854,10.0791645
301653,52.25835,10.42644
302384,51.88307,10.0087185
301148,51.517544,9.725894
302719,51.944256,8.89535
300783,52.110855,10.963788
300166,52.174564,10.430501
301844,51.778904,9.873434
301964,51.60526,7.7758894
301262,51.69699,9.904027
301037,52.581425,7.762015
302764,51.841125,9.813842
300070,52.14326,10.024739
301142,51.923912,8.95857
300462,52.52702,11.738179
300839,50.412937,7.898171
303066,52.595078,7.807601
300388,51.88571,10.081777
300287,52.646397,8.115771
301426,52.15304,10.098733
300547,52.117794,9.300648
302321,52.11999,10.231428
300353,51.55048,8.251202
301052,51.80302,8.960762
301425,52.130894,9.913043
301765,50.29534,7.642937
302463,52.153584,7.695289
300530,52.19428,8.294043
301525,52.171642,10.038436
300466,51.810024,7.995221
300642,50.06145,7.890377
301934,52.36817,9.099813
300521,51.74068,11.794661
302629,52.490772,9.576289
300501,52.104958,9.852027
301459,52.182896,9.787548
300704,51.712883,8.962333
301036,52.416786,10.091216
301203,51.83844,9.390881
302897,52.345425,9.426247
301075,50.512333,7.599289
302483,50.64537,8.873999
302154,51.196487,9.959297
300733,49.532177,9.903521
300675,52.111774,8.860417
302999,52.398632,10.118464
302910,52.596054,8.098827
301192,52.008324,10.701052
300869,51.91082,9.383768
300552,50.443615,12.028448
301662,49.98985,7.7674
300384,50.47499,7.599289
302872,52.204308,9.105699
302784,51.21516,7.8570547
301353,51.977077,9.004419
302270,52.08823,10.120673
300399,52.213764,7.6943927
302748,52.07618,9.793074
300566,52.135902,9.311357
303004,51.98298,9.154014
302457,51.194626,10.025517
301298,52.453876,10.033015
302625,50.048325,7.6534524
301762,52.260418,10.125977
301000,51.88774,10.377316
300781,50.72002,11.83012
302453,50.701164,7.8197517
303047,52.478725,10.839435
302601,51.964973,9.856653
302371,51.732254,9.567195
301950,51.916904,9.725566
301872,50.86775,10.240152
300386,51.980568,9.440189
301421,51.98191,9.493586
301885,50.570904,8.60995
302292,51.69079,10.028011
301924,50.3865,12.028448
301710,52.199642,9.745186
301668,50.546497,7.5018687
302176,50.629177,7.73516
302587,51.875168,10.11445
301342,52.304493,8.297081
301845,52.48388,10.3176985
300427,51.858414,9.785247
300682,51.962833,9.040128
301848,52.421677,11.688702
301820,50.68602,7.6384616
300282,52.331783,9.2017
300820,51.747086,10.139873
302009,52.032127,9.790728
302510,52.32397,7.695289
300405,50.64538,8.095695
301481,52.24493,10.076973
301745,51.5902,10.6501875
303050,51.432934,8.192373
302266,50.3865,11.94641
301219,52.36064,10.290058
300447,52.23904,9.892303
302390,51.521458,8.846521
302509,52.114197,11.083566
303079,52.13153,10.052457
300780,51.85156,9.917092
302145,51.759018,7.9573054
301570,52.32143,8.793492
301855,52.083733,10.177542
300254,51.706944,8.933815
300479,50.638218,11.403364
300513,52.05973,10.016056
302608,52.24959,9.9716015
301027,52.098984,9.979954
302715,50.5014,7.642937
302031,52.23201,9.757313
302334,51.173035,7.6831384
300957,52.454533,7.8703194
302940,50.3865,11.851306
300203,51.2245,11.8120985
300154,52.113174,10.171506
300534,52.437653,9.089409
300341,52.467594,8.7196245
302648,51.801216,10.038547
302978,52.10221,10.0253
302235,52.18054,9.783584
302006,52.01671,9.972592
300569,51.727493,7.7645597
302078,50.84741,7.629455
300053,52.491177,10.482847
300608,52.39136,9.89541
300131,51.80794,9.21934
301227,52.305378,9.724507
302610,50.56999,11.968026
300819,52.01504,9.916598
301077,52.095196,9.068896
300459,52.37086,9.509684
301255,52.34276,9.959746
303105,52.714417,8.094411
302368,52.13864,9.068133
301776,52.48802,10.3304825
302018,52.26767,10.064912
302742,52.192738,10.181682
302105,51.917023,8.93648
300148,51.89008,9.488512
300910,52.531906,10.575802
302008,52.167366,10.157241
300422,50.62916,7.6541915
301954,51.272533,7.6936536
301654,52.69526,8.335474
302521,52.150753,9.989361
300093,52.331543,9.852126
300689,52.366867,10.036363
301590,51.28142,9.804948
300892,52.271027,9.818493
300115,51.79113,9.541877
303069,50.950092,9.736576
302423,50.847515,7.6534524
302196,51.406963,9.017394
301109,52.550636,7.655088
302829,52.12514,10.332605
301971,52.083218,10.060426
300737,51.97159,9.806985
301927,51.711643,8.655187
302908,50.669384,11.981783
300358,51.77704,8.691514
301411,52.158695,10.124822
302772,50.160366,7.596151
302535,51.916115,10.188332
300604,51.980614,8.17092
301833,51.06001,9.831224
300174,52.2636,8.569071
303000,52.319077,9.8464575
300558,51.094864,9.202746
300663,52.023804,9.819137
302131,52.11476,9.848958
302108,52.090107,11.545499
302109,51.880577,9.765024
300563,51.876987,9.987567
300500,51.969887,10.101541
302844,52.241047,7.7690353
302898,52.165955,9.980347
300636,52.27058,10.127681
302206,50.41738,11.99885
300650,50.509827,12.028448
301898,52.570732,8.230329
300610,51.728676,9.015848
301362,50.49494,7.596151
302947,51.91082,10.04156
300097,50.363026,12.028448
302045,52.578964,7.7674
300668,51.334766,10.53907
301383,50.61214,7.7664905
300473,50.310265,10.273864
301378,52.11805,8.360151
303081,51.832767,8.576163
300481,51.736275,8.825008
300863,51.182594,9.278349
302233,52.12514,9.607743
301389,52.251446,10.611658
300766,52.513447,10.310748
300829,51.518845,9.498726
303016,52.277817,9.865521
300265,51.59728,10.078509
300614,51.477856,9.430741
301916,52.193333,10.66112
300701,51.567856,9.668293
301105,51.81398,7.8216505
301819,52.39742,10.109542
302864,51.513897,9.077969
302630,52.05269,10.233773
300692,52.41129,8.83419
301382,51.61307,9.182865
300124,51.728676,9.28071
302052,51.612144,8.93976
300029,50.7973,7.8532276
302666,51.863834,10.179639
300842,51.573536,9.943858
302974,51.626453,9.863296
301930,52.007496,9.496527
301164,52.138424,9.555395
300235,51.625916,11.374962
300516,52.311497,9.120006
300885,52.00412,10.542195
301746,50.708847,7.903408
300822,50.439743,7.636352
301365,52.253727,9.219609
301970,52.882397,8.234087
302911,52.612034,8.04923
300169,52.384495,10.426338
300284,52.17578,9.65501
302634,51.826397,9.953398
301734,52.378304,9.839577
302936,51.174614,9.7491455
301200,51.67015,8.497936
302830,52.28275,9.980347
302760,51.59319,9.881901
301180,50.41718,12.041945
301552,52.28803,10.597826
300761,51.48803,9.650446
302269,50.481655,7.6534524
301151,51.954,9.8085575
302620,52.325294,7.6384616
301057,51.961296,9.403657
301846,50.579582,8.0281925
301358,52.08924,10.237942
303045,52.59078,8.731897
302202,51.81598,9.180827
301520,52.251446,9.588
302583,51.915733,8.699727
301890,52.025425,9.734192
301766,50.52216,7.6534524
300157,52.0317,8.835885
302486,51.785297,9.443795
300210,52.270622,9.993252
301979,52.682556,7.9848795
300019,52.0324,9.985565
300933,51.457447,7.9335093
301019,51.839184,9.027828
303125,51.913258,9.638332
302158,52.09428,10.209756
300523,50.56975,7.6534524
300271,52.004536,10.210174
301664,50.41718,7.8092365
301926,52.122295,9.567064
300950,51.776108,9.415959
300715,51.292255,9.237575
301377,52.298668,10.2442875
301754,52.25815,10.007705
302745,51.098633,8.10964
302791,50.26036,9.154458
300724,52.0686,9.992001
301125,50.867966,8.29035
302324,51.267967,8.995595
301618,50.411438,7.7502995
302879,52.198193,9.975144
301258,51.614304,8.776435
301396,50.597824,8.098827
301505,51.9644,9.43975
303120,50.82553,10.147603
300930,52.342453,10.101163
301139,52.0728,9.082048
300237,50.26036,7.6534524
302356,51.528507,8.080473
301875,52.10607,10.198581
302537,51.417194,9.6620245
301054,52.44123,11.044523
301987,52.457047,7.797086
301370,51.31296,9.796919
301373,52.66656,7.6534524
300719,50.848145,7.6534524
300191,50.591923,7.718215
302569,50.532078,7.655088
300058,52.013054,8.727514
301861,52.29467,10.197159
303089,52.105103,9.726508
300047,52.256584,9.666591
301490,51.898552,9.25151
301433,52.179745,9.382362
301279,52.193188,10.129792
300313,51.61031,9.7115755
300083,50.5825,11.981783
301568,51.562828,10.175244
300051,50.918476,7.7674
303035,52.31541,10.080622
300478,50.847073,9.961199
301877,51.98246,10.435256
300956,52.02798,9.953077
301897,51.51312,12.431862
300759,52.486347,10.287014
301407,52.030136,9.861584
300318,50.77701,7.6534524
302401,51.711643,9.704714
300063,52.162163,10.323819
302963,52.21431,10.00987
300851,50.41718,7.7674
301076,52.321888,9.759292
300163,51.262566,7.797086
301667,51.301914,8.239038
301889,52.090313,8.0323925
300201,51.584167,8.948752
300335,51.81357,10.098402
300684,52.217926,10.402876
302557,50.750084,7.797086
302679,50.68111,10.793236
302820,52.240932,11.456717
303032,52.114197,10.114168
300316,51.870945,10.660351
301579,51.037323,8.701179
301799,51.849525,9.757511
302548,51.781925,8.148419
301384,50.49803,7.6534524
301130,52.19284,9.407876
300378,52.047955,7.4423823
302782,50.427444,7.655088
302347,51.5956,9.927525
301413,52.34949,10.010782
301677,52.553654,7.8054347
301650,50.911892,9.071516
301705,51.728676,9.75668
300750,52.202637,9.988392
302706,51.854435,9.989358
302116,52.142075,9.902182
302313,51.696735,10.079358
303036,52.02951,10.032462
300728,51.03115,9.268437
301314,52.40599,8.9873295
300887,50.995388,8.4358425
302101,51.822063,9.534449
302571,51.964333,9.765392
301801,51.48528,7.886117
300285,52.600666,7.6534524
302480,50.3688,7.6819787
300849,51.16493,9.307401
300798,50.97839,10.022598
300616,52.129547,9.634718
300283,51.82166,9.74184
300446,52.602295,8.162236
301532,51.502476,9.386202
302551,50.553013,12.028448
301903,51.34313,7.6367655
300158,52.200504,9.816244
302161,52.028214,9.725718
302194,51.592525,9.704534
301702,52.147945,10.207669
302153,51.712086,9.518698
300330,52.29955,7.979379
301605,52.53605,10.025425
300212,52.149887,9.57474
300136,51.546494,10.507781
301648,51.399517,9.916598
301066,50.656265,12.328666
301346,51.86678,9.941287
302358,51.801296,9.871096
302262,52.12165,9.381053
301278,50.692566,7.642937
302447,52.0797,9.937224
301652,52.45963,10.507331
300344,51.282375,9.238756
301083,51.685974,9.043816
302281,50.81411,7.6936536
300238,51.8955,9.435073
302983,51.003746,8.326325
300436,51.985523,9.814353
301213,51.92775,9.318866
302934,51.149734,11.234232
301753,50.481655,12.056207
300072,52.17065,8.26409
301452,52.114647,8.955118
301462,52.400124,10.04051
300290,51.680744,9.870795
302001,51.512337,8.068129
302843,51.882484,10.401917
301391,50.62883,7.731301
301919,50.863907,7.8092365
302120,50.206223,7.73928
301412,52.082157,10.225741
302434,52.12875,9.969208
301727,51.063187,9.010597
300823,52.164074,10.177399
300145,51.003548,7.943744
302346,51.99234,10.267553
301826,52.23224,9.893303
302964,51.11445,10.15837
300598,50.657112,11.794551
301371,51.781925,8.180842
300835,52.308506,9.996538
301497,51.91001,8.717278
300425,52.35383,10.31936
303073,51.473164,10.386294
303122,51.152462,8.906918
300280,49.592976,8.116381
301733,51.904846,10.205799
301241,52.283512,10.17338
302968,50.11946,12.028448
300966,51.21773,8.186012
300220,52.575752,7.807601
302023,50.569183,7.6534524
300132,50.160366,7.596151
302931,51.7655,8.142691
302020,50.577377,7.9987416
302443,52.103443,9.823365
300618,50.517567,7.655088
302459,51.385193,9.910965
300128,52.280872,9.647289
300677,50.67329,10.629942
301466,50.570488,8.177881
302909,51.807426,10.712878
300272,52.220615,10.523686
302649,51.962303,9.566393
301208,52.002686,9.743264
302053,52.03733,10.060426
301632,51.88914,10.068939
300916,51.923912,9.785364
300515,51.890434,10.359604
300502,50.669125,7.7674
301529,50.531906,11.623439
301698,52.314835,8.504911
302768,51.979355,9.833432
301287,51.849525,9.768002
302977,52.12536,9.759245
302446,51.448505,9.096179
302200,52.08631,9.583027
300021,50.99039,9.883897
301858,52.407097,9.320292
300449,52.04868,10.015515
300953,50.3865,12.116369
300560,52.096092,9.546166
302132,50.981384,7.943744
302164,52.095142,10.006039
302899,52.198696,10.100322
302837,52.461567,10.327637
300884,52.30672,10.060782
303115,52.109974,9.221742
300740,51.050617,8.4984045
300194,52.06711,9.497945
301440,52.01967,10.2859955
300969,52.41929,9.473581
302738,52.724598,7.7979774
302869,52.036144,10.2489605
301680,51.964916,11.589489
300888,50.318672,7.596151
301818,52.00318,9.52984
301980,51.481457,9.81988
302749,50.575775,12.028448
302543,52.221092,9.292031
302327,50.856857,7.972108
302726,52.32277,10.608565
300440,52.002598,9.657309
302010,52.303406,7.6831384
301072,52.392723,9.783412
300420,52.133953,9.824658
300352,50.512333,7.8092365
302420,50.58092,7.793127
301569,52.055344,9.5302515
302122,51.90688,9.985495
303097,52.306087,10.899241
302405,52.303883,10.525025
300364,51.95281,9.267365
301403,52.198536,9.862503
302409,51.97427,9.782166
301594,50.86774,10.456876
302110,52.622723,8.580257
302954,50.6226,7.6936536
300342,51.910194,9.377808
302507,51.43093,10.121741
300591,52.143234,10.301659
301251,52.159542,10.26757
301500,52.03057,9.104963
303127,52.0711,10.408216
301146,51.79131,10.311591
300528,51.817783,9.634673
302976,52.13009,10.615183
300651,52.02951,9.30855
301735,51.724174,9.078573
300897,50.642338,7.8820558
302850,51.301697,7.7674
300421,52.679573,7.6328187
300305,51.897034,8.259644
301465,51.518574,8.323643
302366,52.554207,7.807601
302283,52.072327,9.482066
300205,52.35555,10.073744
302988,51.910843,9.858495
301364,52.09679,9.714684
301376,52.234062,9.626499
301928,52.09613,9.892055
300509,52.477814,9.986089
303046,50.53391,7.6541915
300232,51.923912,9.778607
301807,52.208057,10.791514
302251,51.985317,10.084173
300700,52.054127,10.359429
302849,51.491913,10.000684
303026,50.3865,7.6114397
302191,52.207214,10.524654
303087,52.406372,8.8171835
302527,51.961296,9.867218
300980,51.826683,10.083844
300096,51.954853,10.29012
302492,52.157146,10.0202055
302766,50.786045,8.784725
301244,51.95746,8.755686
301691,52.07772,9.942732
300363,52.205193,8.705375
300546,50.590252,11.812328
301115,50.535706,7.8301883
301834,52.423386,8.366039
301917,52.12454,8.694437
301531,52.53635,10.365464
300920,50.607006,7.6534524
301583,50.725018,9.206186
302708,52.19277,10.043363
300441,52.17775,10.170326
300830,52.19977,9.691946
302379,52.103542,10.253953
302970,51.75679,9.645555
301263,52.203926,10.913792
302564,52.237057,10.142319
301020,52.01587,10.466945
301738,52.280724,10.470269
300688,52.132835,7.8169184
300772,52.181442,9.194333
300359,52.20955,8.246052
302836,52.20387,8.36348
301656,51.994907,8.617885
300200,52.200294,9.65029
300912,51.53479,9.030667
300164,51.912895,9.903401
302508,52.672802,7.7381496
303060,50.53228,7.6534524
300356,51.531376,9.722508
300601,51.8455,9.803891
302815,50.41024,11.764781
300152,52.19304,10.026988
300345,51.219345,7.5736938
301588,52.363487,9.856854
303020,51.961296,9.946201
302452,51.447784,8.103062
302216,51.937412,8.172214
302253,51.660732,7.3652987
301638,51.932896,9.869584
300491,51.86021,10.096145
301973,50.359417,10.363553
301143,52.23899,10.0229
301128,50.776722,7.797086
302528,52.179996,10.036363
302127,52.003025,9.564685
302700,52.04187,9.496949
301357,52.451885,9.97149
301996,50.910183,9.449053
300008,51.503284,7.892528
302713,51.77254,10.064375
302355,51.824368,9.9283085
300393,49.987556,9.677084
302617,50.724636,7.8991995
301126,52.172405,10.359302
302882,52.117558,10.406031
302272,51.96692,9.987946
302705,52.382378,9.942211
300815,51.370018,9.709702
301675,50.411438,7.596151
300371,51.533913,8.385654
300587,52.0686,9.945244
300879,52.106636,9.976733
300269,51.753727,7.695289
301245,51.728676,9.86984
300729,52.309414,8.668856
300993,52.082207,10.083245
300544,52.09613,10.278967
302570,50.507812,7.6541915
300671,50.885555,8.639092
300256,52.273243,9.102154
302435,52.533115,10.0791645
300415,52.06289,8.900756
301958,52.398373,11.635777
302095,51.953796,10.056963
302448,52.06739,9.769416
302210,52.46911,8.348734
302211,50.484734,7.63949
300958,52.053734,9.1840725
300035,50.644344,7.6507444
300255,52.42712,10.320685
302847,50.76203,7.6943927
302039,52.12368,10.018121
300574,52.030228,9.939766
300988,52.175396,10.053392
302956,52.09206,9.16809
300685,51.997417,9.31324
302767,52.074757,9.365396
302787,51.823334,7.6534524
301319,51.72976,9.774986
301599,51.960835,9.684344
302408,51.391773,9.92091
302662,51.37527,9.471859
301681,51.789154,9.99305
302876,52.23554,10.020247
301701,50.73334,11.572184
302582,52.14279,8.8848915
303043,51.950935,9.798139
302444,51.945663,8.504363
301757,52.022854,9.89564
302439,52.26879,11.369895
300511,52.010414,9.05035
301120,50.638706,7.831824
302674,51.854435,8.985245
301211,51.115788,8.272382
302807,51.960327,10.234097
301960,50.553013,7.7690353
302709,52.20282,8.537947
300016,51.88136,10.034756
302598,50.533504,7.8092365
300592,52.216595,9.360734
302035,50.52021,7.6534524
300518,51.94237,10.4587755
302937,50.837826,8.248914
301780,52.38241,7.768483
302523,52.143406,10.113528
300490,52.4632,10.766933
302637,51.307663,7.599289
301884,52.162437,9.928117
302087,52.35044,10.315974
300698,50.59406,7.8092365
300060,51.728783,9.980926
301726,51.92775,8.936985
301670,50.906685,9.022003
302860,52.308235,10.092308
302227,52.001373,10.42584
301929,51.80439,10.104626
303111,51.96639,9.610858
301136,52.373215,7.8219504
301331,51.90688,10.382019
301336,52.642826,8.007372
303008,50.81935,7.6831384
301062,52.476925,10.242323
301294,51.60764,9.82306
301099,50.453964,7.6105433
300960,51.849342,8.91879
302326,51.705017,8.961855
302335,51.85521,10.381468
302884,50.770966,7.797086
301817,51.430786,9.342228
301156,51.090794,8.937187
301522,52.125008,10.151555
300337,52.326466,10.030081
300626,51.3426,7.80834
300699,51.931957,9.97787
302981,52.003563,10.240084
300646,50.481655,7.596151
301026,52.16112,10.134845
302412,50.89134,9.994315
302505,52.170197,10.159605
300216,52.568996,11.5026655
302712,52.37238,11.71646
301949,52.28426,10.082206
301222,51.191013,9.857043
301603,52.207638,12.11468
300226,52.14099,7.893784
301563,52.18523,10.211647
300084,51.582253,8.946673
300788,52.156643,10.00809
301380,52.11465,9.822956
300043,52.25012,8.158283
300712,52.028214,10.217268
300373,52.261787,9.8629055
303116,52.16335,10.241977
301173,51.83486,9.97106
300113,52.135006,10.190077
300934,50.500343,7.807601
301235,50.443615,12.028448
300442,51.497944,11.348534
302466,52.36691,8.884688
300438,52.162987,10.18915
302701,50.512333,7.6688023
301900,52.059708,10.043434
301978,52.248726,8.175056
301134,50.557854,7.788564
302554,51.98387,10.164592
301778,52.473694,7.9445434
300734,52.14437,9.504342
302019,51.91082,9.588166
301619,52.25455,9.531558
300785,50.925198,10.618417
301808,52.005817,11.802102
300472,51.83217,9.20213
303112,51.926468,9.749266
302961,50.910183,9.017394
300790,52.030033,9.18112
302242,50.49102,7.6831384
300895,51.455276,10.086953
301091,51.68735,9.866627
301201,52.11101,10.117412
302724,51.813866,9.773375
300603,51.224632,7.6688023
300543,50.512096,7.642937
300484,52.498676,10.309294
302139,52.679573,8.960247
302338,51.694714,9.718522
303102,52.124004,9.682388
302250,52.17695,9.695924
303117,50.455246,7.6534524
300914,52.251446,9.935473
301683,51.935833,9.956946
300962,51.6967,9.152517
300171,50.733585,7.6831384
300176,50.65895,7.943744
302354,52.01671,10.039432
301504,52.101738,9.910043
300922,50.62615,7.4185104
300486,50.532703,7.73928
302756,50.962887,7.599289
301940,52.12644,11.413693
301748,51.17595,7.655088
302585,51.91082,10.068781
301367,51.944824,8.270923
301345,51.64202,8.82308
301187,52.32941,7.655088
302526,50.412937,7.475812
301580,52.286236,9.932758
300595,52.552364,9.513235
303044,51.99098,10.303065
303095,52.155422,10.120959
302141,51.822044,9.574679
300743,52.040646,9.687764
303067,52.294777,11.688702
300082,50.642227,9.918957
301720,52.11288,9.659833
301547,50.26036,7.642937
301159,52.218014,9.648372
302565,52.119003,9.095832
301771,51.83091,8.589432
300713,51.832767,9.821382
300146,52.276894,10.391453
303085,51.430607,8.049143
302894,52.1023,10.321746
301909,52.223194,10.145616
302703,51.8399,10.175895
301797,51.38512,8.901962
302287,50.591743,7.655088
301402,52.13131,9.935975
300488,52.929893,7.822951
300559,52.362694,9.995083
301202,50.15588,7.6114397
302234,52.140755,10.606622
301718,52.408947,10.098402
301785,50.153786,9.235227
302922,52.379826,9.603114
302741,52.45421,10.459525
302277,50.64534,7.6936536
300319,50.52755,7.539996
301283,51.803493,10.016828
300030,49.91565,10.186885
300565,51.989475,9.888015
301458,52.214226,9.463722
300609,50.47308,7.636352
301461,52.361656,9.386889
300334,52.343502,10.068781
300577,52.093105,8.239843
302024,50.46759,7.599289
300087,51.06414,9.647747
303118,51.737442,7.6189003
300347,52.241882,10.402934
300456,51.88055,9.871034
302399,52.295223,8.297081
300428,51.619373,11.68815
300381,52.11166,10.17492
300628,51.163223,7.678921
300092,52.142395,9.813351
301596,52.199265,9.804806
302866,51.850243,9.905197
301023,51.253014,10.535657
300007,49.528446,9.225731
300664,51.856533,9.906795
300321,52.522034,8.339861
301082,51.796936,10.202285
302135,50.613987,7.655088
302222,52.141342,9.926611
300918,52.06978,11.947132
302332,52.05925,10.3323965
300731,50.60142,7.651641
301344,52.33767,9.785338
300736,50.44335,7.695289
301767,52.13898,9.528788
301821,52.2275,10.000133
301324,52.431496,8.291322
301961,52.35792,10.097605
301994,51.240276,9.196346
301758,50.40436,7.6541915
302992,52.016125,10.075588
300076,51.766342,9.066745
302198,51.762093,9.90839
301869,52.05352,10.086465
301674,52.17315,10.162099
302322,51.977505,9.658702
300891,52.587685,7.9244127
301451,50.60466,7.6534524
302442,52.661285,7.8188553
303027,50.632347,12.006376
300965,50.96627,8.058583
301614,50.47908,12.028448
302840,51.710922,8.275897
300903,51.66834,9.374497
300015,50.46365,7.6541915
302905,52.117348,10.297402
300374,50.51208,11.907864
300710,51.661575,7.655088
302074,51.848316,10.073927
300633,52.574776,9.353773
300228,52.18538,10.501111
301435,50.72647,8.504911
301167,52.182785,10.67626
301152,52.27382,11.812328
301888,52.302307,10.4996
302839,52.45189,10.38555
302123,50.508934,7.6292553
302071,51.66599,10.397615
300751,51.549328,9.071572
303029,51.609455,8.989867
302044,51.613697,10.093695
302049,51.93695,8.004221
302718,51.626453,9.0206175
300310,52.081615,7.6831384
301450,51.636116,9.524154
301896,50.626015,7.7668
300705,51.848824,9.83536
301977,51.822643,10.022164
302425,50.611324,9.759672
302547,52.308323,9.176224
300003,50.419487,7.929553
301781,52.21214,7.940487
300947,51.778793,9.776032
302831,52.354206,7.8882184
301557,52.094646,9.88777
301665,50.74397,7.6936536
301453,50.52503,7.807601
302883,52.35812,10.054735
301199,52.653694,7.929553
302871,52.195095,9.9092045
302372,52.109432,10.757648
300549,52.33581,10.149726
301906,51.96288,9.890964
300251,52.53728,10.596452
302260,52.236004,10.054138
301001,51.050236,7.901269
301684,52.000744,10.118748
300665,51.996193,10.033865
300303,51.344093,9.538155
300293,52.155293,10.385422
301894,52.165825,10.024598
302921,51.86037,9.912413
302546,52.084007,9.034059
300193,51.521496,7.695289
301646,52.136734,11.780077
301468,50.70478,7.7315264
301559,51.875942,9.011735
302375,51.274567,8.16857
301348,51.642136,8.229685
302331,52.38619,11.471263
302083,52.042347,10.116982
300296,52.269524,11.587736
301356,52.15596,9.507764
303053,51.936535,10.052395
300898,51.397243,9.718066
302469,52.285507,10.12629
301624,51.985847,9.034413
300153,52.400234,10.507331
301119,52.105743,9.772545
302941,51.961178,10.148677
300326,50.70458,11.829165
302474,52.120354,8.98885
300529,51.601044,7.6684685
302168,50.59406,11.981783
301309,52.098003,9.494719
301329,50.832443,9.027394
302943,52.232883,10.438897
302042,51.139748,8.069019
301905,51.97688,10.7136545
302067,51.887444,9.277019
300695,52.226032,9.97149
300471,50.512333,12.073274
301190,50.1725,9.979793
300619,51.897213,9.9408
301975,52.370403,10.032859
301257,52.151535,10.024067
300111,50.553013,8.250866
302874,51.988842,10.051624
300727,52.28343,9.898456
301197,51.913677,9.042387
302293,50.72719,7.548878
300989,52.69756,8.274136
301080,52.206367,10.086589
301008,52.1928,9.175652
300291,52.164654,9.972592
301448,51.74845,7.613106
300711,51.98359,10.057983
302687,51.502823,11.089281
302678,52.128,10.106252
300926,52.037167,10.12199
300367,51.758423,9.375511
300809,50.72496,7.6114397
302828,50.46411,7.6831384
301744,51.722473,9.699052
300531,52.22375,9.9625635
301073,51.79856,10.163986
300095,51.771145,10.287537
301581,52.356995,7.9208593
300375,51.92876,9.344781
301464,51.633495,8.778593
300886,50.594368,7.642937
300739,52.147194,10.052445
300369,51.345715,9.742602
302722,51.962833,10.014355
301416,51.91082,10.079017
301196,52.34489,10.383418
301184,52.923748,7.655088
300747,52.002598,8.319412
302014,51.04618,10.423627
301712,51.292255,7.739833
301312,50.40527,7.6831384
300787,50.58798,7.642937
300243,51.667442,8.110872
302907,51.965443,9.980233
301488,52.003265,9.83815
300599,51.72141,8.464743
302704,50.620384,8.413164
303082,50.46336,7.655088
302419,50.521397,10.471022
302237,52.21058,10.11448
300553,50.663918,8.2297535
300870,52.07646,8.566385
301230,52.153442,10.068345
301103,50.400787,7.6534524
301335,51.727627,9.049143
302175,52.000595,7.7355776
300383,50.61248,8.819483
300333,50.406563,7.3127513
301236,52.62719,7.8197517
302341,52.42124,7.80581
300001,52.49036,8.038361
302805,52.06876,9.687159
300027,50.720184,9.715028
302506,52.2003,9.207295
301124,52.095108,8.280611
301221,52.129578,9.973361
302817,50.952763,8.2416115
301714,52.62719,8.394246
301113,50.921093,8.1629715
302717,51.939903,10.891114
302804,52.548695,7.6541915
302489,52.36511,9.431736
300795,50.982166,8.363604
301554,51.693607,10.148569
300690,52.254745,9.577984
301043,52.010414,9.87237
303103,51.891376,11.826369
301636,50.5129,11.99885
301098,52.177876,9.712779
300221,52.201195,10.327204
301476,52.603977,7.787147
303092,52.1085,9.9614315
303098,51.6566,9.569487
302538,52.160645,9.744942
301087,51.39668,8.700676
302818,51.99187,9.518278
300752,50.70478,7.636352
301228,51.44289,10.059889
302391,51.163223,8.2767935
302360,52.123516,9.099304
301218,52.182957,10.289674
301751,51.315956,10.414842
302761,52.375614,11.6099415
301306,51.721306,9.984235
301527,51.6519,10.231375
301313,52.481262,10.098992
301759,52.69756,7.6943927
301106,51.808483,9.657967
302989,51.904472,10.061932
301631,50.318672,7.6534524
301728,51.763847,10.025519
300770,51.616566,9.255812
302298,52.216522,11.00562
300605,51.524742,8.083544
300396,51.532974,9.834602
301249,50.224842,8.36434
302575,51.331024,9.338285
300292,51.845066,9.444808
301943,50.355515,7.73928
300430,50.853096,8.973161
301469,52.229076,9.981987
302623,51.954,9.695822
302114,50.58979,11.858156
300542,52.22418,11.217514
300350,51.615067,8.52698
300963,52.15626,10.98233
301035,51.051006,9.861048
302757,52.43089,9.265684
302011,50.805244,11.911258
301030,52.276894,8.0931835
300802,52.446278,9.910909
302846,51.090973,9.881197
302357,52.09613,9.548749
302289,51.776234,10.025517
302040,52.215023,8.040548
302515,51.333878,9.579139
301725,51.32723,9.310278
300391,52.151432,9.781783
301069,50.708466,8.500072
300999,51.3624,8.079382
300094,51.633686,8.304577
300261,52.25193,10.133199
302520,52.2505,8.162236
300624,52.19329,10.071159
302859,50.733585,11.981783
300127,51.348576,8.938596
300940,51.97595,8.203707
302628,50.691826,7.6936536
302540,52.34491,10.465733
300765,51.076527,8.903369
300990,52.36817,10.575802
301561,51.32788,9.52774
301586,51.32562,9.302498
300382,52.761208,7.6534524
302762,52.166744,10.837218
301760,50.84741,7.642937
302885,51.768177,9.693167
301772,51.828777,9.790282
302671,50.675396,8.519464
302614,52.24687,10.382139
301763,51.791878,9.009075
301154,52.166847,9.667217
302436,52.401646,10.361913
303019,52.133488,10.373766
301193,52.02714,10.128386
301301,51.901024,10.019159
300123,50.426872,7.599289
301715,52.028214,10.063961
301350,49.859737,9.33167
301316,52.326466,9.926557
301233,51.78073,10.393297
300742,51.82169,10.474531
300859,52.12644,8.732852
301292,51.86237,8.906913
301891,52.06385,10.074347
303113,51.83359,9.917224
300756,52.036182,7.868761
302980,52.6801,7.797086
300796,51.65141,9.288088
301915,51.209682,11.837515
302622,51.719868,8.378275
302971,50.512333,7.6541915
303040,51.32562,8.670747
302563,52.278152,9.948574
301857,50.599354,7.6534524
301659,52.16335,9.944641
303131,52.111954,10.01622
300126,51.018814,9.869586
301293,51.555393,9.113894
302878,52.023773,9.841506
302204,52.429665,9.163241
300106,51.63079,9.07689
303068,50.740105,7.768483
300159,51.95746,9.700859
302926,51.867924,9.871097
302350,50.735172,8.498011
302325,52.14377,8.323323
301811,50.84687,7.955782
302475,50.412937,12.028448
301220,51.079903,7.7860703
303031,51.835743,8.858475
300873,52.380207,10.146812
300276,52.376724,9.044823
302627,52.353916,9.375841
301070,52.137726,9.468572
301005,51.18712,9.960571
303003,51.054527,8.900756
301911,52.263096,10.471629
300467,50.658043,7.6688023
301025,50.86444,7.6943927
302267,52.488716,9.44128
300380,50.720455,9.936336
300792,52.812717,7.7636633
301478,52.537727,10.000064
301717,51.775948,9.765596
301253,50.635406,7.928924
300732,52.205997,9.821595
300862,50.935482,7.819673
302933,50.7901,8.667312
301183,52.597046,9.276476
300555,52.227493,10.047923
300049,51.834503,8.605699
301242,52.218014,10.124297
300799,52.562336,8.192926
302856,51.72719,9.79697
302918,52.191383,10.095908
300936,52.48994,8.490539
303083,51.721775,10.519708
302966,51.113396,9.69906
301660,51.29842,9.658451
302880,52.08346,9.198298
301742,50.69323,7.695289
300253,52.02964,10.211035
300647,51.91764,9.876047
301651,52.34135,10.035942
300964,52.010353,10.068781
301706,51.876637,8.700718
300996,52.072704,9.83515
302468,52.19421,11.762621
300662,50.404556,7.655088
300634,52.22933,9.762297
300955,50.180412,9.582317
301999,51.576244,10.011283
302343,50.478855,7.6541915
302602,52.3562,10.005584
301866,51.965443,9.812173
302129,52.303356,9.868379
301678,52.602207,9.765934
300872,52.47236,8.309233
301953,51.396088,9.953694
302581,51.278904,8.793796
302247,52.01569,8.390394
300527,50.56671,11.82103
303021,51.51824,8.916503
302990,51.609684,10.025076
302808,50.86884,11.922207
301207,51.08076,7.642937
300233,52.24146,10.416726
301334,50.83026,7.6534524
301695,52.015488,10.584385
300652,52.019672,9.64654
302395,50.52007,7.6105433
302036,52.474598,10.501673
301556,52.468994,7.7476716
302529,50.49823,7.655088
300607,52.17899,9.045848
301881,52.281857,9.789228
301456,52.250473,10.092961
301740,52.00318,9.948906
301615,51.67607,9.87233
301381,51.176346,8.393023
301545,52.155422,10.100903
302411,51.569054,9.454205
302497,51.944366,9.9512205
302734,52.28571,10.21159
301446,52.100693,10.64525
301449,51.638657,9.716349
301254,52.29377,9.94996
300215,51.216812,8.257121
301385,51.041523,9.070516
302890,50.3865,12.028448
302407,51.916203,9.693447
301750,52.089817,8.859508
302229,51.85156,8.99186
301328,51.92775,8.038361
300192,50.68143,7.6215878
300042,52.703804,9.972999
301397,52.18672,9.943754
300279,51.960835,9.793447
302524,51.898125,9.542397
302780,51.85152,9.703574
300360,51.92775,9.65738
301352,52.096436,10.230954
300267,51.534134,10.300265
300034,50.58979,7.6105433
300249,50.406563,11.9676
302470,52.58997,9.225541
300246,50.74784,7.797086
302825,51.916203,9.783541
300670,50.656357,7.642937
303090,52.215717,8.471411
301693,51.60587,10.308574
301272,50.23105,11.932457
301901,51.597816,9.912315
302646,51.298668,8.517233
302055,50.573982,7.6534524
300861,52.40688,10.083446
301084,51.96908,9.953356
302427,52.06982,9.835183
302115,52.028214,10.136862
302037,52.41367,10.389154
300877,52.195778,7.9002028
302558,50.59064,7.6534524
302763,52.55585,8.705859
300630,52.383595,9.128107
301630,52.280308,10.463625
302300,52.05661,9.276176
300102,51.55568,10.062087
302711,52.510174,11.129778
302301,52.64448,10.045707
301044,52.168285,10.201358
301400,52.058006,10.252934
303134,50.16098,9.5563965
301882,50.591515,7.6384616
300948,50.647705,7.703768
302428,51.154774,9.137424
302723,52.203087,9.996299
302693,52.62719,7.695289
302421,51.898434,10.134167
302654,50.945618,10.213898
301543,51.19801,9.888892
301140,52.09445,10.043472
302589,52.199913,9.254821
301100,51.86037,9.898377
300617,52.201195,10.290928
301423,51.951748,10.098733
300758,52.214836,11.683372
300994,52.184372,8.3806095
301968,52.461475,9.944733
301499,51.556004,10.621421
301141,51.96357,10.20178
300645,52.223015,9.994593
300824,51.75958,9.686646
302209,50.921093,9.723392
300974,51.068848,10.464974
302342,52.0653,10.087875
300793,51.89472,9.918463
302193,52.148582,10.2666235
300831,51.955093,10.08687
300874,50.512535,7.7674
301851,52.354553,9.047053
300927,51.619186,10.549426
302297,52.36155,9.977673
301672,52.063744,9.973214
300050,51.976994,10.861374
303077,51.724174,8.339547
301322,51.846176,8.195196
300036,51.82955,10.159894
301406,52.03193,9.679165
302050,52.62719,8.100552
301880,50.651363,11.336201
300902,51.82299,10.082457
302029,51.970573,8.489651
301501,51.041756,7.8097563
301401,52.449287,9.682485
301790,51.592968,10.346114
300640,50.505733,10.358742
300443,51.965504,10.043057
300086,52.018368,9.009748
302310,52.15188,10.164592
301721,51.81398,9.691603
300784,50.852013,8.353963
301438,51.407093,11.047315
302668,50.80123,7.84667
302855,52.236374,10.213927
300556,51.67766,7.980133
303071,50.852158,8.91331
302296,50.599155,8.830493
300762,51.475273,7.768139
301327,50.629738,7.6936536
301997,51.710865,9.149543
300568,52.095108,10.538895
302389,52.026405,9.616896
300187,52.419598,8.138273
301355,50.983643,9.729992
301170,50.461002,7.797086
301616,52.305084,9.7795725
300150,52.16281,10.395759
301854,52.170128,10.039432
301127,51.237267,9.714664
302588,52.22103,8.294837
302733,51.638878,9.220959
300656,52.243977,10.3947935
300738,52.479458,8.116381
302746,49.844948,8.209042
300909,51.960835,9.854414
301088,50.863705,11.489127
302915,52.593044,9.870804
300434,52.360798,10.142205
302352,51.991405,10.153671
300181,52.069855,7.746766
300850,52.31505,10.129039
301479,52.167698,10.064681
301601,52.22733,10.018742
300469,52.491745,7.768483
301311,52.27509,10.729811
301359,51.769848,10.243697
302958,52.266552,9.757946
300307,52.151966,10.184089
302665,52.066635,9.619077
301191,51.68509,8.843901
302600,51.780834,8.230329
301956,50.57695,12.028448
300410,52.183083,10.571883
301041,52.109493,9.904921
301535,50.469788,11.271342
302786,51.911453,9.836825
302853,50.68301,7.6534524
300118,52.025337,9.806286
303054,51.93804,9.798063
301347,51.797638,10.089796
300721,50.919907,7.6936536
301404,51.334984,9.729434
302946,51.8116,9.404217
300299,52.661285,7.887206
301663,50.552376,7.642937
302314,52.15716,9.445092
300077,52.251446,9.894908
300032,52.03699,9.923376
302003,51.935837,10.008835
303129,52.223526,10.109471
301223,51.749695,9.979658
300635,52.601334,7.7795506
301515,51.791725,9.222338
301104,51.322002,8.506047
300881,51.731525,9.4085
302765,50.56999,11.688702
300941,51.37532,11.74711
300561,50.762527,7.790726
300207,52.1622,9.484883
302593,51.756287,9.387662
301658,51.753754,10.085668
300789,51.298958,9.790829
300151,52.03744,9.951374
300302,51.459545,9.456748
301963,51.21927,9.701411
302180,51.200676,9.221244
301697,50.767864,12.537008
