id,lat,long
300121,52.09629,10.144676
302441,52.060265,10.209429
300266,50.469593,7.6230865
300911,50.807396,11.908948
302681,49.21967,7.6230865
301610,51.919712,11.303883
302875,50.56863,7.5934544
302261,52.29119,8.10101
302365,51.865826,10.298893
300709,52.09994,10.117162
302304,51.01737,9.125007
302731,51.12353,8.565908
301055,52.24342,9.847624
301310,51.961494,9.82196
300273,50.3764,7.6230865
302038,51.50285,8.917244
300116,51.326023,8.305893
302736,52.220757,9.958856
302891,51.855717,9.965398
300583,50.819366,11.906009
302725,50.498196,7.8331904
300451,51.864025,7.810952
302203,52.136078,9.963471
301216,51.460865,9.62663
300741,52.320915,10.531799
300827,51.890743,9.697095
302900,50.823727,10.157417
300186,50.476173,7.6230865
300588,50.835228,9.731492
300680,52.04391,10.184752
303070,52.12538,10.166159
300088,52.2617,9.6480465
301741,52.077587,9.690442
301474,52.23813,10.41299
301028,52.02463,9.874177
302938,52.514294,7.845499
301436,51.90995,8.284727
300937,50.716087,7.760095
301177,51.005592,7.8132863
302073,52.229584,10.083425
302863,51.638638,9.766911
301621,52.33783,10.076935
301779,51.889824,9.900455
301033,50.35498,7.6230865
300062,51.40226,8.380489
301922,50.818867,7.6689034
302418,50.698696,9.083137
302896,52.286743,9.901775
302641,52.089436,8.768066
302249,51.402374,7.908294
302776,51.940983,10.470391
302138,51.96393,9.641594
300489,52.199165,10.0282
302987,52.52655,9.819473
300184,51.876457,9.6748905
301485,52.415092,10.30926
300004,52.07074,10.186047
301341,51.747803,9.685692
300673,52.362103,11.388342
300100,52.06006,9.569326
301491,52.580597,7.92473
300392,52.364956,9.802792
303075,51.775997,10.572434
302942,51.519867,7.750622
301074,51.968224,10.107411
302142,52.012207,10.234891
302130,52.21655,9.966464
303114,51.505135,9.62176
302330,51.972595,8.734979
300982,52.383816,10.06852
300620,52.628834,10.960306
301270,52.144657,10.119576
303119,52.156143,10.139762
300227,52.03243,9.602402
302739,52.38864,8.427015
302949,52.200336,9.772547
302137,50.68879,7.811029
303063,51.57306,9.857599
303038,52.08592,9.671264
300658,50.408546,7.8814754
302533,51.47114,9.131335
303110,51.640755,8.108019
302054,51.192726,9.807611
301800,52.276478,9.884522
300401,50.755783,10.001634
302769,51.178154,8.813015
301175,50.70074,7.687009
300943,50.511803,7.703547
301472,52.380558,10.061989
301107,52.252033,9.996226
302636,51.996407,9.764855
301777,52.14045,9.638247
301865,52.02988,9.739065
301137,52.2978,8.389899
302174,52.370716,8.619535
301340,52.141773,9.958726
300180,52.336296,10.098037
301417,52.090736,10.090914
300406,51.580048,10.092405
303042,52.13208,11.37642
303011,50.39308,7.6230865
300028,52.099426,9.880541
301770,51.7672,9.770167
300055,51.764565,8.997368
300899,51.984135,9.9094715
302735,52.2411,10.283132
302562,52.285942,10.027911
302302,52.104183,9.6997795
302472,51.683105,9.777088
302033,52.347958,9.274511
301576,51.75131,8.326884
300324,50.479046,7.8081155
302877,51.97896,10.522123
301303,51.333015,9.316189
302611,52.189674,10.227941
302495,51.005592,8.689323
302503,52.183533,10.095545
301475,52.03111,9.384583
301447,52.012165,9.86021
302643,51.90558,9.203276
302295,52.496006,8.734922
302215,52.402744,9.811576
302960,51.965347,9.243325
301962,52.35219,10.387283
303062,52.268616,9.967524
301548,51.5364,9.548442
300919,51.650265,8.0422535
300537,50.821915,8.515379
300129,51.68752,9.121444
300204,52.388363,9.972169
302257,52.268616,9.99958
303002,52.318142,9.594514
301704,52.225895,9.881318
302873,52.222054,10.002619
300179,51.7879,9.365136
300067,52.037144,9.206289
301791,51.928837,10.066464
300625,52.351044,8.021749
300702,51.96966,8.912832
300878,51.181355,9.731236
301558,51.911743,9.954169
300189,52.292698,9.727558
301815,52.020218,11.083655
302690,52.181637,9.95447
302795,50.97273,8.342476
301437,52.176872,8.57776
302462,52.541904,8.207355
301837,50.421474,7.9094214
301939,52.591007,7.9414983
300046,51.65591,9.147545
302030,52.199207,9.867561
301296,50.9644,7.676571
301281,52.672237,7.829756
301931,52.158287,10.031689
302586,52.000137,10.34582
300660,50.82095,7.8152423
300836,52.02704,10.080422
302536,51.883682,9.394742
300611,51.87394,10.343127
300576,50.5202,7.7985682
302841,52.19822,11.176256
301647,52.491386,11.337893
301802,51.113743,8.384672
302857,52.054714,9.743515
300435,50.96482,7.8927903
302185,51.969486,9.522681
301981,51.748432,9.633543
300871,51.738403,9.626524
301166,51.952694,10.260084
301932,52.106514,9.758908
300801,51.957363,11.7593775
300991,51.72263,8.947353
300485,50.908417,9.262586
300031,52.121616,9.815843
300239,52.096836,9.809347
301555,52.0831,9.2568445
300720,50.528545,7.750622
303017,52.27678,8.061173
300848,52.29154,9.320527
301047,51.849373,9.978188
303108,52.278057,10.031462
301542,52.23056,9.987513
302561,52.180008,10.115461
301995,50.701595,7.7208576
300794,52.29671,9.977418
300707,50.03305,11.191018
300623,50.655792,7.8755727
301511,52.696503,10.791118
300218,51.02399,8.029414
302124,50.59807,12.194317
302057,50.768505,9.598689
301965,52.09346,9.724133
300354,52.146526,8.457632
301372,51.010334,8.790681
301969,52.194927,8.331762
301976,51.609783,10.517231
300696,52.15827,11.606797
300119,52.023026,8.416746
302789,50.687016,7.913393
302226,52.07996,8.263121
300771,52.074314,8.072032
300068,51.967026,9.349142
301297,51.935177,9.483074
302596,52.225826,9.222349
301498,52.124153,9.372993
301774,51.095955,9.625828
302113,52.174458,9.953064
301366,52.13026,10.060875
301473,50.2663,7.6230865
302092,51.78295,9.636733
300185,52.56729,7.749364
302291,51.83997,8.636619
303080,52.421867,10.872218
302957,52.08673,11.631253
301731,51.3878,9.977418
302477,50.655792,8.251371
301408,52.284996,10.497722
301966,52.31519,8.279318
302783,50.932915,8.305893
302162,51.900833,10.009282
301206,52.272293,9.970454
301007,51.136425,8.035973
302157,52.1171,10.226659
302775,52.02463,10.054753
300786,51.98297,8.742467
300812,51.62861,9.604168
302798,51.528885,9.365928
302913,52.082317,10.466505
302102,52.38151,10.183022
300791,50.496593,7.631235
301692,51.950153,9.977225
302082,51.915752,8.346335
302085,52.143402,10.549016
301181,52.277763,9.861071
301948,52.276566,10.135223
302208,51.531784,8.705918
300978,52.428608,10.336651
300379,52.143417,9.897615
302236,52.202087,9.359275
300773,51.912155,9.969053
300300,52.005512,10.058695
300230,51.976425,8.79423
301360,52.75822,7.967327
301018,51.94919,8.864964
302652,52.655567,7.6406336
302361,52.23939,9.478939
300002,50.74842,11.496144
301635,51.903915,9.406664
300545,52.31732,11.630312
301937,52.12538,8.958761
302727,52.447754,9.996226
301541,51.889748,7.929924
301709,52.326336,9.593772
301467,51.952335,9.996226
300222,52.19119,9.549131
301516,52.343388,11.5939865
301923,51.369183,8.851521
303024,52.416264,7.9202785
301422,52.3819,10.00474
302555,52.1171,9.913787
300468,51.957508,10.037429
301783,52.33744,9.4270735
302000,52.30757,9.944295
300301,52.33831,10.818616
302344,52.116234,10.292039
302311,50.526943,8.742782
301947,50.598557,11.974429
301620,51.6843,9.794138
301050,51.967426,9.870173
300825,52.402275,10.345124
301805,52.36179,10.494048
300585,52.308525,10.168905
302848,52.225853,10.060377
301259,50.438026,7.749364
301673,51.253914,10.931606
302832,52.084404,9.797855
302150,51.726357,9.74687
302402,50.40434,7.798891
300975,52.091034,10.170367
301957,50.60643,9.3048315
302862,52.141464,9.764254
301188,51.85947,9.878892
302316,52.547783,7.6992717
301809,52.140892,11.895673
301096,51.659214,9.952102
302182,50.450455,11.955921
301252,51.33293,9.59112
300112,51.26383,8.809909
302904,50.446167,7.6230865
300198,52.11071,9.656646
301305,50.48665,7.687009
302410,52.314552,9.304964
301523,52.185665,10.118734
300209,51.325474,9.838145
301827,50.15434,8.365799
301562,51.9591,9.180099
302793,51.57127,9.688113
301852,51.883385,9.679739
300506,51.381706,10.12519
301427,51.24524,8.380489
303018,51.97254,10.184583
302333,51.66117,10.240375
301874,52.279335,10.039001
301879,51.37111,8.991219
300306,52.23813,9.819473
302207,50.96214,8.257332
301824,52.31054,9.740787
300722,52.19926,9.898538
302025,51.116867,7.9950314
301528,51.010925,8.852815
303104,51.878517,9.880292
302449,52.084587,9.86292
302676,52.13836,9.806621
302383,52.36828,8.228455
301172,52.080387,9.058262
300432,52.204544,10.108297
302631,52.15426,10.935647
302710,52.49274,7.450721
302778,51.770706,9.899493
300992,52.7119,7.917622
302842,51.28624,9.02537
300423,52.093468,9.600983
302997,52.459595,9.990472
300426,52.16308,9.479842
302107,50.765385,11.176781
301178,52.044434,9.880597
300355,52.003075,9.74618
302481,52.067142,10.228232
300550,52.16141,10.23951
301321,52.268616,10.2852125
301863,51.95067,7.956923
301056,52.215313,9.755793
301925,50.856197,7.6230865
300114,52.147766,8.09256
301264,51.721535,9.198387
302935,52.154858,10.064529
302656,52.21599,9.754655
300562,52.313503,10.002323
301755,52.093693,10.457707
300674,52.810696,7.6230865
302919,50.70836,7.849091
303014,52.336063,11.697835
301622,51.75023,9.998988
302404,50.849716,7.9814677
302663,51.98865,10.186442
300073,51.330013,8.279215
300672,52.127438,10.267496
301038,51.999176,9.170339
301097,50.753944,8.353184
300024,50.43451,7.8331904
301308,50.754208,12.313833
302691,52.44854,9.169192
300505,50.355164,10.31657
301122,51.764565,10.102332
300681,52.470367,8.916143
300139,51.30327,12.309787
300522,52.34162,10.678183
301830,51.219078,10.5323715
301508,51.83785,8.724216
301095,51.842728,10.122116
301540,51.79377,9.905853
302962,52.37699,10.108297
301933,52.363,11.148233
302473,49.63755,10.2361555
302118,50.870205,9.56044
300240,51.43991,8.890122
302903,50.72441,8.299471
302370,52.171974,8.907268
302800,51.920925,10.935964
302544,51.399403,9.594232
300444,51.40049,8.635231
302667,52.141605,9.927838
302388,52.164413,9.912242
301108,50.496044,9.845513
300149,51.961224,10.408168
300570,52.23962,9.997095
302171,52.440025,7.891891
302169,51.953102,10.676575
300661,50.560112,7.687009
301460,52.093468,9.729624
303107,51.920723,8.813015
300011,52.24716,10.184364
300206,50.469856,7.854897
301604,51.897358,9.695275
301990,52.36226,10.00075
300006,52.15519,10.179051
300744,52.548416,9.656834
301860,52.024532,9.768935
302282,52.116802,9.810241
301240,52.078014,9.773199
302929,51.822277,9.483703
301565,52.432747,7.885924
300130,52.08247,9.469415
302046,52.16742,9.422925
301354,52.39304,8.313881
300730,50.653267,8.613721
300622,52.29945,9.9915085
300454,50.222984,11.86739
302117,52.15827,9.679862
300644,52.367535,10.050532
302125,52.445694,9.890418
300845,52.012375,9.764532
301323,50.887398,7.687009
302584,52.200035,8.37985
302888,52.228485,10.039341
301657,52.202232,10.359062
300539,51.86367,9.864833
302603,51.97254,8.0764675
301839,50.849716,8.478351
300938,50.443424,12.353366
302225,52.00603,9.654167
300944,50.88713,9.417413
300679,52.341026,9.455126
301002,50.46313,8.158432
301160,50.681988,7.6230865
301530,51.927322,9.894549
301250,52.102013,7.749364
300455,52.406082,9.757513
300074,51.73609,9.119529
300813,50.528545,7.6376
301722,50.542442,7.980211
302541,51.92477,9.859797
302482,51.94314,10.354806
301375,52.263725,10.143201
302721,52.239407,9.994388
301806,52.037704,9.641148
301608,52.587444,7.683417
302819,52.278458,11.792224
302064,50.88501,8.92413
300065,52.22979,8.1014805
300593,50.885548,7.6230865
300225,51.74735,10.21754
301524,51.692844,10.223817
300864,52.267273,9.903553
302490,51.991917,9.656749
303130,51.965565,10.441046
302079,52.22979,9.522974
300581,50.44386,9.326345
302098,52.18741,10.045571
303005,48.321,8.343408
303078,51.02125,11.509196
300757,52.080868,9.286488
302861,52.433395,8.303155
301045,52.084785,10.205284
302785,51.78421,7.953842
302965,52.231842,10.222545
303065,51.680725,10.06852
301363,51.891693,9.989838
300140,50.905407,8.712871
302796,50.23009,7.8575244
302094,52.277348,9.586685
300297,52.495693,10.542733
300408,51.10512,8.177067
302034,52.176872,9.747478
300832,52.506065,9.990283
300860,51.174488,7.6230865
300075,52.150665,10.149081
300264,52.144463,10.066103
302566,51.773838,9.681134
301804,52.326984,10.430832
303030,52.019497,9.045581
302294,52.085434,10.149105
300575,50.89052,7.6230865
301150,52.300507,10.603265
302413,49.798283,7.7348504
303015,50.90465,9.339532
302930,52.412846,9.775439
301495,52.113846,9.179077
301094,52.204193,9.89776
301049,51.946938,10.0030155
301941,52.43482,7.8359566
302433,52.4277,8.637492
300331,50.664997,7.687009
300578,52.291054,9.669651
301825,51.29507,9.91131
301454,51.855736,10.120595
302500,51.763493,9.669041
300135,50.679363,7.6689034
301572,51.953682,9.345525
303028,51.87848,8.67824
302214,52.69523,7.8963294
301607,52.1482,9.180099
301986,51.37704,8.389441
301238,52.264347,8.924377
302218,52.16742,10.066064
302136,51.17465,10.196891
302759,51.47428,9.180099
300188,51.347168,8.875832
302692,52.388603,10.01333
301892,50.51102,7.988026
301518,52.220833,10.01865
302394,51.52786,7.953943
301493,51.895645,9.907101
301299,52.158287,9.764498
301285,51.880463,9.509975
300998,51.591,7.9323206
300596,50.526943,7.6230865
300921,52.115353,9.815761
302088,51.834743,9.40751
301032,52.02062,10.147093
302499,52.339375,10.404794
301553,51.969,9.912363
301276,51.80667,10.131336
302657,52.48387,10.26993
302659,51.928417,8.70673
302781,50.438026,7.7816796
302275,50.43671,8.072224
300769,51.956425,9.875161
302806,52.15706,9.4103
302511,52.093468,10.259282
301642,51.527737,9.380148
302070,52.171936,10.169655
300826,52.225895,9.324571
301688,52.376736,8.347777
300838,51.959663,9.703602
302155,51.991917,9.891107
302773,50.373657,7.815875
300289,51.983433,9.771771
300213,51.822414,9.8713045
302400,52.495693,7.845499
301394,52.339516,10.239465
302619,50.510338,7.7471066
301431,51.02619,8.543042
302239,52.21636,10.691995
302223,51.86961,10.253649
300913,52.21307,10.075495
302308,51.985867,9.6716385
300512,52.15943,10.036889
301291,50.609596,7.687009
302323,52.337917,8.797781
302660,51.332035,9.214729
302534,52.096863,9.7972975
300901,51.769066,8.276993
301068,50.495407,7.676571
301831,52.212612,9.742618
300263,51.018776,11.857281
302827,51.987156,9.772275
300411,52.285988,9.9125
301071,50.43451,7.687009
301955,51.926014,9.8832855
300217,47.905815,9.434607
300997,52.156464,10.126508
302550,52.202232,8.845064
301537,52.033394,10.045571
300985,51.529163,8.015393
302577,52.095913,8.889965
301017,52.284565,9.1162
301332,50.66555,8.758827
301876,52.02463,7.8116503
301602,51.970936,9.849255
302607,52.404186,11.182897
302221,52.32323,10.154881
302549,52.592667,7.875234
302126,52.16742,9.884934
302217,50.400414,7.627303
300735,50.062252,10.106723
300493,51.463505,9.403966
302093,52.35574,9.739239
301803,51.821594,8.853873
300510,52.364597,9.182272
300418,51.895897,9.538847
302955,50.443424,11.985202
300487,52.122654,10.161218
302494,51.640575,10.108159
300541,52.06508,10.12442
300714,51.435707,7.9302735
302939,51.918007,9.638885
300748,50.66743,7.6975565
300054,52.094784,9.330641
300066,50.526943,7.6230865
301507,51.250633,8.365799
300814,51.3892,9.847552
301902,52.141212,9.407305
301598,52.433395,11.41852
302339,52.06111,10.302237
301289,51.622166,9.613141
302504,52.22499,10.567944
301132,52.293114,9.939131
301021,52.564762,7.9178376
302028,51.916683,9.993158
300554,52.127438,9.712534
301114,52.1623,9.579279
302059,52.31054,9.067657
302684,52.25661,10.124145
302707,51.90487,9.558018
300775,51.983368,10.506181
300754,51.76221,9.568669
301589,52.567577,10.198349
302192,51.912968,8.834978
303064,50.599686,7.687009
302542,50.796898,9.9817915
300764,52.646538,10.570606
302901,52.591007,8.653212
300612,52.230194,9.999145
301862,52.153957,8.37114
302886,51.325397,7.735371
300984,52.507362,7.6230865
302996,52.16254,8.372824
301867,52.202232,10.119576
302699,50.57616,7.867039
301985,52.27803,11.323469
300417,51.88795,9.697743
302096,52.325253,11.1199
301634,52.13142,9.966059
301703,51.98073,10.270617
302416,52.610966,7.798773
300615,51.20168,9.24663
301198,51.711422,9.167616
303084,50.465027,7.6230865
302516,51.899418,9.947304
300368,52.197277,10.092405
303007,50.850296,8.405991
302675,50.43451,7.6230865
301229,52.322025,9.761211
301217,52.075344,9.850458
300779,52.049206,9.972505
300419,52.483807,7.9320874
301810,52.01997,10.075297
302464,51.005592,9.518765
300806,51.663147,8.945148
301582,51.715286,8.184206
301392,51.86433,10.181867
302359,51.733658,9.469965
302151,52.403812,9.927109
300182,52.198673,9.586688
302422,50.667347,8.432199
302303,52.244225,10.051213
302228,51.33535,10.242435
300039,52.083843,10.191157
302502,52.125828,10.10153
302149,51.966503,10.151836
300880,52.19708,9.821072
301573,50.655937,7.810952
300726,52.078022,8.645224
300923,50.081676,7.6230865
302661,52.2356,7.6689034
300172,51.452534,7.6230865
301338,51.82348,10.188617
301513,52.038677,10.153864
301708,52.487118,8.351749
300362,52.297306,10.0450115
302103,52.317722,9.444272
303023,50.79551,8.90279
300525,52.10953,10.395508
301859,52.469196,7.965903
301886,50.332226,7.6230865
302858,52.02453,9.659003
301696,52.27965,9.780041
302072,51.45989,10.162424
301480,50.765972,7.9996567
300548,52.36966,11.308955
302190,50.465027,7.8081155
301873,52.9344,9.927044
300894,51.461575,9.99795
301606,51.642994,11.603592
300639,52.045837,10.411213
302595,52.25398,9.3175745
300274,52.118797,9.555514
300866,51.25771,9.874842
302698,51.325825,8.741424
302476,50.920246,9.759517
302677,52.24616,10.010876
301655,52.195446,9.9817915
301121,52.108067,9.572179
300107,52.280968,10.193285
300314,52.174995,9.966453
301388,52.01958,10.452716
302111,51.28624,8.561053
301967,52.195934,9.763322
300199,49.753628,7.6230865
301339,52.260624,9.940142
301162,51.46516,9.854712
300009,50.54739,7.76397
300340,50.598557,9.019249
303057,51.93516,9.214729
301724,51.761,10.153498
302591,51.91656,9.975385
300224,52.093334,9.5541525
303138,51.860577,9.946305
300889,52.05756,10.066856
300928,52.02773,9.182272
301682,52.13512,10.190471
301761,52.30181,10.446475
300507,52.25632,10.126133
302576,51.21423,9.077524
302424,50.832966,7.904831
302513,51.466465,9.684777
301398,51.89266,9.994863
300223,51.625095,10.677783
301487,50.411484,7.687009
300776,52.129166,9.463638
302852,52.276566,9.866587
302437,52.320915,9.774827
302063,51.90554,10.126252
301265,52.435764,10.043842
302522,52.154755,9.451327
302280,51.578426,10.362677
300925,52.32872,9.34155
300275,51.743435,9.684514
301147,52.026615,8.073019
302560,51.84637,10.083164
303049,52.03618,10.071324
302415,51.90558,10.477185
302451,51.02351,8.834978
303072,50.78663,7.6230865
301539,52.353996,9.859793
300669,52.112316,10.112304
302893,52.023117,9.850557
301302,52.2411,10.292121
300697,52.208607,9.872616
302195,51.514458,8.679984
300168,51.92911,8.830304
302362,52.334354,10.502478
302826,51.523335,10.559971
301841,51.65159,9.356656
301661,52.403446,10.2462225
302258,52.268616,7.749364
301275,52.376858,10.409799
301434,52.356377,11.753654
302065,52.32647,9.41408
301034,52.503513,9.534793
302951,52.133053,7.8494706
301853,51.93408,9.38015
303096,51.919712,9.536563
302367,52.418816,10.001424
301463,52.152676,9.760839
300250,51.201557,7.6230865
301526,50.686108,11.70885
302273,51.566372,10.097056
302112,50.344654,7.728046
301149,51.975563,9.203692
302276,51.211662,9.616594
300631,52.47956,7.675513
301832,51.98498,8.490063
301984,51.6323,9.281338
301349,51.93276,9.944858
302265,51.996494,11.869028
300804,50.424213,7.687009
302889,52.100105,9.589264
300973,50.666214,7.6694064
300120,50.364433,8.228455
300259,50.420105,11.015386
300557,52.195446,10.347051
301838,51.916573,9.855824
300023,52.167664,10.389005
302973,52.067142,9.345266
302953,51.006817,8.663653
301617,50.904903,7.8828597
301432,51.41056,7.8575244
301029,50.136818,7.676571
302066,52.18811,9.628166
300211,52.23778,10.086922
302058,52.05214,10.00474
300014,51.587093,8.993511
301290,51.831825,9.4406805
301798,51.92862,9.994588
300666,52.121113,10.971893
302163,51.178673,9.706324
301189,52.13026,10.166051
300361,50.729046,8.971326
302986,52.0455,9.819473
301828,50.53269,11.800182
302032,51.179195,8.180136
302305,52.130417,8.6495
301870,52.219757,8.398306
300942,52.01984,9.385246
300621,51.964737,9.40268
301849,52.1623,10.0281315
300718,52.09629,9.965038
302393,51.984135,10.997127
300056,51.735638,9.55989
301856,52.18358,10.06852
302456,52.282043,9.848543
303106,51.809494,10.198636
302328,51.77074,10.009866
302498,51.797665,11.302717
301186,52.28048,9.323068
300753,51.71607,9.709229
300533,52.14886,8.762917
300725,50.629814,8.68216
302056,51.204502,7.910351
301269,51.908417,10.207701
302613,51.934048,11.10936
300653,50.400116,7.9613395
302230,50.72747,7.793275
300833,50.443424,7.829416
300858,51.97687,8.490404
300972,50.84993,7.8448777
302645,52.15834,9.864833
300760,51.885777,10.100901
300678,52.22979,10.098037
302002,52.7119,7.8605013
302212,52.12538,8.959673
303109,52.26822,8.521678
302165,51.996883,8.182133
302255,51.298695,9.815352
301210,52.276577,9.310825
301713,51.86546,9.741701
301138,51.541714,10.105075
300202,52.196377,8.765404
300717,51.816353,8.281805
302306,51.585403,8.139505
300961,52.115864,7.9638553
302144,52.169273,9.912124
300470,52.10524,10.1882105
300052,51.879803,9.953064
301769,51.884922,9.861417
301633,52.268143,9.944452
302638,51.956215,11.807654
300932,50.364048,8.459881
300524,52.226105,8.0428295
300412,51.80365,10.240867
302188,52.338345,10.029724
301133,52.117126,10.147093
301135,50.613934,8.360754
301246,52.271545,9.828265
300214,52.020428,9.505072
301946,50.686108,7.750622
301163,52.21668,8.913779
300745,50.43254,7.690401
301936,52.23538,10.896283
301239,52.097824,10.6092005
301058,50.563633,7.6376
300372,52.018177,9.244963
302069,52.114784,8.262754
300883,52.21682,10.384838
302948,51.79425,9.892353
301428,50.2663,12.046194
302635,50.995136,10.306998
302932,52.23151,10.00819
302845,52.161846,7.7965155
300691,52.321903,10.615066
302597,52.06431,10.189728
302750,50.699245,7.813455
301165,52.432747,9.896928
301611,52.016495,7.4463
302559,50.437733,11.269719
300971,52.343246,10.21521
302702,52.67625,10.404269
300104,50.45017,7.7208576
301686,52.345886,10.658271
301079,51.890816,9.799193
302445,52.254414,10.134429
302803,50.526974,7.5930758
300686,50.253136,12.046083
300278,52.28372,10.31349
302491,52.08932,8.080439
303121,52.039173,10.01294
301267,52.30016,9.844117
300597,51.06742,8.363414
301944,51.38474,9.73577
302061,52.406624,9.648776
301471,52.195446,10.155054
301988,52.376045,10.683747
300852,52.08544,8.721719
300844,50.931263,8.081755
300600,51.784916,9.362271
303048,50.859364,10.038929
300808,52.53348,7.867246
300325,52.031563,9.959835
300797,52.474773,9.775544
301067,50.39308,7.6230865
302650,50.26493,7.798836
303094,51.914413,9.469237
300005,51.90727,9.692508
301982,51.636112,8.820548
301494,52.033493,10.155054
300983,52.15361,9.953547
301998,52.545933,11.540879
302147,51.193745,9.559219
302539,52.088036,7.968721
300475,52.190575,10.175973
300476,52.1171,10.056557
301521,50.53698,7.8116503
303013,52.37761,7.8755727
302670,51.267563,9.90234
301850,51.770287,8.927666
302994,50.5202,7.755007
301883,51.93523,10.48751
302060,50.560425,7.793602
301974,52.215343,10.173476
301274,51.736504,9.701122
301560,50.984467,9.970376
301920,52.262333,9.7021265
301730,51.445065,10.283361
300142,51.143593,7.8196383
302454,52.300064,10.692515
300294,52.345917,9.948059
302993,51.148857,7.9094214
302612,52.042118,9.943902
301637,50.91804,7.6230865
300904,51.115417,8.224993
300308,51.80879,9.527072
301266,50.821186,9.023452
301286,52.156944,8.660054
300348,52.23538,9.890702
301144,50.522552,7.679988
301158,51.797718,9.965398
302455,52.01556,9.497076
301268,52.069023,9.992735
300366,52.438362,8.870207
302944,52.19627,9.850111
300103,52.08604,10.106299
301989,51.6303,9.399757
302758,51.898785,8.194904
303051,52.19157,10.121727
300483,50.834564,11.752477
302732,51.69002,8.989672
300818,51.84495,9.719353
300323,51.931374,8.7114725
303056,51.77014,7.988026
302430,50.526974,7.6230865
300464,51.880024,8.936632
302579,51.884304,8.080238
301405,50.99451,7.7658334
302664,52.1623,10.199653
300876,51.823444,9.714183
302219,51.941246,9.996226
302353,50.468277,8.1283245
302256,51.471874,10.091294
300431,50.526943,9.243895
300424,50.446785,9.1993885
300069,50.49708,7.6230865
302689,51.186188,8.748442
300017,50.694195,9.421983
302838,51.66709,8.565967
301584,51.618645,9.347067
301600,52.192753,8.787974
301484,51.80376,8.754275
301477,52.05894,8.334662
302369,52.27511,9.617802
301711,52.07093,9.369668
300173,50.877296,7.9094214
300834,52.12313,9.453994
301131,52.025265,9.873064
302248,51.692844,9.337088
302156,51.779854,9.269429
302146,52.225826,8.388546
301503,52.34329,10.069801
302801,50.438026,7.687009
303052,51.904247,9.822064
303101,50.475983,10.431347
302471,51.72629,9.440895
302345,52.141773,10.084525
301752,52.09838,10.060875
302246,51.953144,9.9817915
302892,52.1371,10.195893
302777,51.62496,8.5617075
300178,51.862995,9.8852625
300242,52.213776,9.952769
301840,51.87056,9.79984
301628,52.02463,10.064632
301679,50.998028,7.676571
301991,51.85234,9.06655
301918,51.92316,9.012224
301012,52.13714,9.8837385
302231,52.062954,9.524589
300654,52.044212,9.94473
300865,52.011044,8.828041
302307,52.192146,7.891891
301700,52.223236,9.7075
302284,52.271233,10.36736
300257,52.499706,8.037821
302556,52.496006,9.761692
301093,51.237873,9.7178
300723,52.263134,10.586738
302187,52.066338,9.181537
301185,51.368294,10.706779
301794,51.95073,10.849795
300917,52.27633,11.533799
301643,52.10285,8.68483
301669,52.305283,10.115354
302594,51.779854,10.737797
300044,52.04672,9.57425
302041,52.148315,9.954116
302753,52.532608,7.687009
302363,52.105152,8.547539
301609,51.526184,9.410815
301379,52.416103,7.6689034
300837,52.147556,10.163694
302653,51.80239,9.164119
303022,51.91771,8.950353
300445,52.055138,10.087703
302770,50.775208,12.262629
300840,52.51107,8.346355
301536,52.29945,9.716968
302238,51.815887,9.202352
301337,52.36187,9.012571
302349,50.43451,7.6230865
301993,50.930073,7.861059
302834,52.095913,10.163098
300536,51.68533,8.290739
302172,52.482197,8.741316
300551,52.046753,11.77298
301538,51.82085,9.951427
300236,51.699688,10.831646
302747,50.479454,7.6230865
300195,52.388603,10.746347
302376,52.31017,8.214699
301418,52.06937,10.283541
300377,51.008274,7.7658334
301756,50.838654,9.067925
302737,52.15053,9.941384
301117,52.67255,7.749364
300706,51.449802,9.595709
301022,50.74526,7.749364
300064,51.985332,9.901212
301737,51.42878,9.018509
301597,50.585346,7.656935
302928,52.459595,8.107159
302590,52.082775,10.170079
302077,51.267033,9.968141
303133,52.178947,10.210812
300404,52.26654,9.893085
300376,52.202232,11.366328
300882,52.36179,9.700827
300935,51.993824,10.045571
301506,52.44966,9.982422
302512,52.359577,9.78344
300061,51.9755,8.827937
302166,52.23084,10.765968
302081,52.22838,10.184364
302816,51.120365,8.813228
301085,52.19326,9.801484
300329,52.389008,9.6612625
301395,50.418602,7.769268
301386,51.570393,9.858575
301719,51.9605,9.679158
302016,52.00262,9.229244
301015,52.345585,7.6230865
301260,50.469593,7.6890335
300247,51.83457,9.738538
300022,51.965923,8.68483
301729,52.166195,9.84161
300101,52.36416,10.470936
301123,52.631363,8.42134
301089,52.13169,9.453655
301320,52.045605,9.698164
302134,52.07458,10.084525
300183,52.16141,9.618609
302714,52.326984,9.444731
301441,51.37345,9.826623
301048,51.849907,9.218586
302532,51.10039,11.742855
300234,51.65071,10.246754
301694,52.15827,10.087593
302514,51.673664,9.590349
301060,51.7195,10.176607
301157,52.730118,7.8755727
301110,52.154217,9.839424
300986,50.535297,11.925239
301399,52.093212,10.405769
302414,51.411037,8.920361
301300,49.94772,10.911339
301626,50.63088,7.793944
302567,52.633854,7.7015224
302288,50.524384,7.6230865
301361,51.305485,8.181933
301788,50.5734,7.5930758
300328,52.00603,9.814817
302854,52.023937,9.921184
300687,52.22952,10.009108
301676,52.42867,8.361828
301003,51.910557,10.375372
300949,52.50723,7.9815445
301205,52.010906,10.322631
300260,51.61168,9.748852
303037,52.322155,10.429286
300906,52.015484,9.967423
302440,51.547035,11.577528
301280,52.380768,10.260503
300841,52.146225,9.227034
303128,52.02463,10.1406765
302851,51.25641,12.46587
302644,50.905113,9.385131
300134,52.28985,10.184752
300465,52.438698,9.758997
301182,50.585346,7.6376
301325,51.875122,10.059875
301415,52.39727,8.762917
300749,51.79241,8.032219
303124,52.090996,10.226659
300586,51.465664,9.180099
300945,52.318142,10.066113
302626,51.07875,9.098971
301470,50.78632,9.21345
300959,52.002277,8.712871
302572,51.931873,9.531431
302012,52.26977,9.75
300429,52.027462,9.335839
300572,51.998768,9.673381
300170,51.18172,9.660094
302809,50.48992,9.857417
300629,52.111786,8.82381
300336,52.198246,10.262668
300079,52.119476,9.625611
300567,52.271935,9.834965
301078,52.319202,10.097936
302068,52.409393,10.514006
302496,50.48787,7.846074
302788,52.3004,10.11074
302799,52.556812,11.093804
302091,51.933254,9.771129
302501,52.18512,9.892473
300437,52.468647,8.920692
301231,52.158737,9.973428
302329,52.2978,10.1375065
300141,52.275246,10.280941
302998,51.78813,9.655236
302975,52.145496,9.703524
301921,52.152176,10.008752
300613,51.83785,9.815352
300768,52.25445,10.207794
300219,51.87669,9.292165
301102,52.044132,10.120985
301053,51.90183,9.1745205
300492,52.035416,9.878853
301234,52.301846,10.030808
301512,52.319202,9.901026
301176,52.229584,9.375922
300954,52.42002,9.809364
300867,51.98398,9.782568
302100,50.446167,7.5930758
302730,52.21786,9.479087
302927,51.59334,9.682124
300520,52.365547,10.284102
302385,52.01081,9.901005
301517,51.688915,10.046689
301483,52.22942,9.604663
301486,52.19263,10.089463
302917,51.89676,9.1116085
300161,52.151863,9.212884
301671,51.939953,10.180096
300774,52.291542,9.977567
300414,51.70222,9.304649
301214,52.52391,10.249595
301813,50.59513,7.7006216
301792,52.271935,11.732321
301639,52.37222,8.179453
300659,50.54494,7.572994
300117,52.447754,10.426213
301716,52.359665,9.654989
301284,51.349342,9.571515
301592,52.162956,10.198636
300474,52.258396,10.075291
301118,50.805557,12.005742
302133,51.406975,8.234444
300504,52.40919,10.207701
300433,52.239407,10.176704
301914,51.403038,8.35311
301585,52.02179,8.990739
302616,51.778072,8.892159
302148,51.789185,9.873949
300655,51.888916,10.41155
301945,52.23939,9.876435
302592,52.26064,10.093606
302398,52.31281,10.4289875
302290,50.61799,7.845499
303001,51.267937,7.747877
302967,51.841785,9.783783
302945,50.45017,11.936125
302624,50.957653,9.147641
301814,52.335625,11.463509
302140,51.94029,9.630648
302716,51.70642,8.33676
301789,48.76713,9.900455
302397,52.208557,10.089051
300133,52.10004,10.106685
300657,51.98028,10.023698
300594,52.013535,9.978743
302552,52.13745,9.919338
302381,51.897408,10.38469
300090,52.17158,8.81545
300708,51.990883,8.236443
300893,52.2321,9.66332
301641,51.672794,8.619637
300144,51.15668,8.4943905
300080,52.308598,8.512467
300667,51.835445,10.002931
302005,52.243866,10.215901
302317,51.726357,10.288939
302177,51.910797,10.09648
302969,51.08531,7.830364
300277,51.58686,10.326872
301155,52.281975,10.087611
302658,52.296375,9.525786
300810,50.503593,7.676571
301195,52.178223,9.696262
301571,51.92493,9.754408
300519,52.309895,10.316953
301549,51.5733,9.455448
300763,52.078743,8.919555
302580,50.69747,7.8755727
300108,52.277885,10.031689
300782,52.166557,9.093958
301420,50.17513,7.5875077
301649,52.32021,7.9637036
301209,52.3314,8.874836
301424,52.167717,10.435288
302865,52.29426,8.321344
302811,51.17363,9.304977
301613,50.6342,12.014436
302429,51.93801,8.507335
301282,51.505848,8.965842
301129,52.033665,9.5021925
302285,52.1623,9.966464
301796,51.989677,9.515676
302241,52.320683,10.752153
301004,51.82896,9.704281
301445,51.815487,10.804019
303135,51.02329,7.6230865
301544,52.030815,9.830658
303009,50.12906,10.054867
302438,52.176872,8.945462
302364,50.332226,7.7404933
302870,52.042812,10.210223
301174,52.15682,10.200192
301942,52.188393,9.78681
302380,51.79875,9.668943
300322,51.881668,9.683151
301913,51.748127,9.989866
300262,52.44536,10.73106
301878,52.064583,9.875998
301938,52.089085,9.791092
300995,52.57559,7.735371
300532,50.750935,8.733149
301081,51.9298,9.206321
302254,52.318638,10.068825
302697,51.70239,9.950628
300976,50.865948,7.6230865
302923,52.6862,7.682501
303006,50.68692,8.683422
300059,51.940247,10.131246
300312,50.444607,8.969592
302426,51.18936,9.790376
301514,50.438026,7.6230865
302814,52.353584,10.164777
300683,51.23078,9.127805
302682,51.8365,7.722857
300946,51.88522,9.655331
301822,52.244236,8.34743
302568,52.330723,10.998061
300025,51.919815,9.182391
302007,52.18202,9.260078
300295,51.816025,8.15884
302245,52.075928,10.101733
300602,52.22469,8.182375
302143,52.655567,8.123571
301333,51.345768,9.214729
301910,51.738533,9.919616
300416,52.16044,10.193058
301492,52.1615,9.5810585
301625,50.647923,11.846956
300463,51.90944,8.230968
301374,50.745407,8.387467
300012,51.746296,7.930548
301577,52.148888,8.935482
300579,52.32339,9.010034
302315,52.10713,10.234031
300816,52.21022,10.124145
301046,52.093983,7.7666745
300931,50.101692,7.6689034
301153,51.88953,8.840273
302043,50.938576,12.064789
300081,52.51437,7.8279686
302771,51.15609,9.699487
302312,52.268616,10.361585
303136,51.41773,8.603247
302104,52.266064,9.928636
302263,52.28158,8.240931
302672,50.805622,7.7471066
302299,50.60375,8.197555
300580,52.093327,10.064529
300952,50.540646,7.6230865
301904,52.2367,9.670056
302086,52.134903,9.6237335
302488,51.463066,7.732593
300890,51.80516,8.829459
301835,50.99871,9.024523
300439,51.075962,8.563401
302530,52.138878,10.780044
303058,52.37226,7.9637036
300320,51.500587,9.854706
300395,51.8224,9.256142
301232,50.479454,7.7404933
300853,50.483147,10.267362
300057,50.869625,9.155869
302181,51.951572,10.070702
301908,51.5649,9.134076
300286,51.80059,9.426378
302754,52.39734,10.203711
301864,51.37443,9.406657
301369,51.82488,8.394344
300403,52.12142,10.155092
300258,51.878544,10.008752
301509,52.27125,10.231488
302259,50.515823,7.7015224
302633,52.18549,9.798075
302906,52.287518,9.304612
300828,52.204563,9.711824
302525,51.794235,9.246169
302669,52.27085,9.053928
302950,51.850758,10.155092
301842,50.244114,11.11835
302728,52.322155,10.098037
300268,51.70183,9.24663
300394,52.258568,8.443254
300448,50.738155,9.043921
302128,50.469593,7.813455
302696,52.580467,7.7971225
300175,48.97769,9.1879015
300402,52.153336,9.927838
300495,51.32768,9.002169
302478,51.09896,9.671444
302604,50.94975,8.029414
300494,51.852116,9.52001
300018,52.21948,10.34861
300641,52.41967,10.062508
300638,52.18012,9.381622
300398,52.244583,10.467122
302895,52.069645,10.120185
302264,52.311066,10.29955
300332,52.249138,11.529988
302493,52.248554,10.108803
301764,52.176647,9.774827
302822,50.64641,7.811029
302485,52.468987,9.562063
302774,51.806873,9.286015
301786,50.864204,7.864032
301578,51.305485,10.035942
301685,50.477486,11.928082
302680,52.32558,10.163098
301248,51.301407,9.50184
302683,52.280968,9.947506
300105,52.330723,10.222545
300338,51.755867,9.998847
302655,51.824635,9.900523
301271,52.205723,7.877385
300967,51.899807,9.980244
302271,52.27803,10.296646
300811,52.038948,9.824072
300099,51.917923,9.901112
300147,52.435436,10.326916
302431,50.389416,7.6230865
301326,50.36939,10.200056
301496,51.78726,10.206358
300208,52.024174,9.748936
301014,52.043575,10.773153
301212,52.3967,9.714099
301489,52.06832,8.730773
301812,51.983463,10.326916
300351,52.15426,10.171624
301455,50.412228,11.974429
302386,52.13686,9.984229
303086,49.583492,7.781188
300288,50.45962,8.963772
302279,51.47837,10.056199
302340,52.158527,9.414424
301887,50.24266,7.7015224
301787,50.409805,7.6230865
301627,52.377712,7.811029
301318,50.509274,7.5930758
302673,50.08501,7.676571
302374,50.755783,12.10891
301951,52.22557,9.3880415
302450,50.42396,7.6230865
302017,50.69319,10.003063
301983,52.140892,9.7972975
300564,52.21204,8.772267
301031,52.064796,7.8132863
300477,52.092037,10.090712
303126,52.15827,10.148521
301387,50.526974,7.703547
301551,52.10114,9.994588
302403,52.145027,9.304505
302605,52.22984,9.948595
300637,51.472824,10.232377
302744,50.874332,9.00025
300390,51.79119,9.127037
301063,52.292698,9.947506
303074,51.842453,9.607616
300929,51.53857,9.281338
302531,50.825047,9.785054
300349,52.174988,10.545205
300905,52.169075,9.651161
302460,51.87252,8.741424
300041,51.88427,8.825846
302751,52.31242,10.151621
300915,51.92841,9.842115
302004,50.561657,7.7392573
302465,51.78406,9.73106
301169,52.166176,10.1367655
303099,52.26097,11.004825
301330,52.20505,9.768785
302487,52.124046,9.46968
301368,53.059196,10.650406
302189,52.20539,9.456515
302199,51.89208,10.146249
300900,51.9577,10.806125
300311,51.06336,9.600099
302632,50.866924,10.288718
302021,51.727478,8.667859
300460,52.136707,7.732593
300137,51.143875,9.627679
302578,52.034637,8.231457
301261,51.354225,10.017896
302243,50.522205,7.6230865
302184,50.553974,7.850909
300156,51.779854,9.928396
301546,52.496006,9.685947
300875,52.126667,9.525467
302606,52.033497,10.131246
302755,52.24288,8.424404
301256,51.760338,10.073529
302051,52.007133,9.711749
302688,48.893658,10.111787
300703,52.54251,8.028713
301351,52.351067,9.993158
302812,50.648624,10.250571
301743,50.526943,8.435442
301092,51.281246,8.983669
302201,51.474674,10.30926
302790,52.53854,7.7368097
302797,52.063717,10.211151
302991,51.919712,10.094943
302461,51.85792,9.285674
301430,51.673996,9.601578
302170,52.21682,10.207701
302080,52.64969,7.9394035
301749,51.617275,10.101028
300162,52.310192,11.54764
302224,51.82488,9.64567
301006,51.49355,9.298074
301013,52.364822,7.6689034
300387,52.380558,9.385444
300078,52.303207,10.466216
302615,51.731102,9.026209
303034,50.50816,7.7471066
303093,50.78582,8.908232
300868,50.228065,7.5545034
301566,52.380077,9.643417
300160,52.06207,10.086485
301784,51.211258,8.66758
300346,52.199947,10.189963
302048,51.964333,9.182272
300907,52.13546,10.154232
302026,51.625313,10.211151
300480,52.000103,10.058642
300571,52.021088,9.890418
302640,50.598557,7.8132863
301793,52.54221,7.957368
302336,51.568542,10.27487
300457,52.018345,8.97036
300981,51.69975,8.982979
303132,50.510338,11.860112
303088,51.18926,7.7372527
300987,52.296387,9.938946
302377,52.23939,9.355161
301502,52.597687,10.941706
301317,50.944984,7.8152423
300538,51.805576,8.739929
300309,50.809254,7.8132863
302160,50.413322,7.6230865
301247,51.313454,7.967643
301893,52.002724,10.037429
301959,51.288666,9.726165
302119,52.001312,10.090876
303076,52.47147,9.226129
302318,52.33264,8.452574
302047,51.90554,10.031689
301519,52.082317,9.619574
301591,50.74349,8.105675
300970,50.368378,7.6230865
300409,50.651325,7.774342
303059,52.058754,9.841196
302467,51.260815,8.349718
302972,52.141384,9.9817915
301482,51.994087,8.179219
301243,52.093468,10.126691
301935,51.92912,10.469204
300535,52.114513,10.096277
300298,52.133602,8.771897
302794,51.789726,8.466962
302022,52.468414,9.992411
301895,51.72242,8.69874
301595,52.212444,9.29722
302179,51.87403,10.031689
300370,50.510338,10.162547
301623,50.479485,7.6230865
300413,51.950474,9.593479
302867,52.43265,10.854762
301116,52.13223,10.202764
301145,52.096184,8.826208
300155,51.97115,9.20459
300026,51.96312,9.989412
302274,50.66448,10.527984
300048,50.727272,7.7651353
300777,51.480556,8.418586
302914,52.191147,9.878979
301843,51.736515,8.890978
302417,50.349186,9.988299
300979,51.02282,8.313881
300245,51.866627,8.559818
301912,52.406147,9.785819
301640,51.9573,7.7820153
300317,51.942204,8.498111
302351,50.886497,7.6230865
303137,51.97225,10.098897
301168,52.26504,10.125582
302995,52.396286,8.591798
300573,52.122654,10.075291
301723,51.301323,9.57627
300843,50.144306,10.211151
300643,52.71221,9.837811
300357,50.46447,9.742781
302432,51.006817,12.322609
302813,48.819187,9.774977
300716,51.7929,9.6607895
301534,51.99893,9.729731
302823,52.392227,7.7666745
302090,52.284996,10.367356
301795,52.199776,9.599965
300109,52.370716,9.332126
302729,52.655567,8.228741
301429,52.43265,9.817672
302373,52.597687,7.8116503
301010,52.34399,10.120985
302027,50.21895,7.6369166
301629,52.17286,10.211151
301707,51.62285,9.719712
301736,52.111923,10.06852
300327,52.36179,9.958856
303100,52.02408,9.827071
301442,52.238983,9.982784
301871,52.21154,8.889173
300857,51.875164,8.9238205
302178,51.777973,8.027906
300514,51.9157,9.442566
302319,52.30181,10.716009
302545,52.111546,9.943692
302833,50.5202,7.702884
301224,52.20484,9.987218
300821,52.34045,10.4350815
301689,52.064285,9.99748
302099,52.257065,10.588749
301773,52.25711,8.95774
300365,50.94346,9.978743
300045,51.455296,8.308957
300856,52.28232,9.941563
300482,52.21839,9.947506
302573,50.911728,9.280652
301011,51.99954,7.963892
303041,52.115517,9.754373
301816,51.29331,8.695683
303033,52.485962,11.486209
301039,52.159813,9.214729
302821,51.00222,9.4810295
302810,51.99387,10.133025
301016,52.123123,10.076498
300498,52.19559,10.081643
300497,52.21379,9.756229
302392,51.715195,8.394335
302205,51.00011,7.8132863
300098,52.01416,9.107438
300020,52.19822,10.129563
300517,51.64415,10.105476
302378,51.063553,7.8221135
301419,52.433395,9.897623
302752,52.115818,9.956759
300896,52.10398,9.084995
300458,50.64651,7.7234592
303025,51.779476,10.4151
302286,52.079475,8.300605
302396,50.514393,12.609299
301304,52.184273,9.601086
300177,52.280968,9.130445
301295,51.702618,10.195485
302609,52.08823,9.76832
301574,50.780674,9.964235
301086,50.31528,8.87426
301171,52.23351,10.118445
301645,50.523018,7.4905176
302835,52.103687,10.035751
301836,50.527966,12.155281
300339,50.679783,8.015393
302792,52.040318,9.161934
300038,50.373653,7.7965155
300648,52.648346,7.9033413
302337,52.294544,9.469237
301009,51.81752,9.931659
302244,52.46423,10.607082
302089,52.05284,9.696915
302479,51.415306,9.285455
302084,52.503517,11.0937805
302220,51.963436,9.193408
300407,51.858246,10.456317
301393,51.353416,10.207701
300270,52.179848,10.09061
302985,52.646095,9.536624
301042,52.258125,10.07808
300778,50.539696,7.6230865
302240,52.271545,9.943669
302574,51.14058,9.933779
300755,51.807365,9.701009
301952,52.52391,8.045275
300977,50.439507,7.687009
301439,50.697674,7.6230865
302887,52.026405,9.337435
300452,50.490532,7.5930758
301179,52.30579,9.727733
300855,51.534298,9.64639
301699,51.641235,7.768804
302802,52.33878,8.7049265
301090,51.83539,8.929828
300846,50.563633,7.6230865
302382,51.866123,9.7178
302076,51.823605,8.735871
301040,50.529762,11.541315
302553,52.564762,7.930548
300343,52.15839,10.168905
300589,50.748146,8.081755
302232,52.501026,8.964703
302097,51.35564,10.020124
301899,50.645798,9.763652
301226,52.110336,8.127187
302309,51.211292,7.8132863
300089,52.47317,10.30769
302686,51.96225,9.37304
300400,52.050095,8.516047
301343,51.764565,9.998412
300248,52.02045,10.109135
301732,50.503593,7.9368114
300281,52.71856,7.559631
300939,50.504276,7.6230865
300252,50.567154,7.7208576
302920,50.39308,7.676571
300908,52.14376,10.1276865
302925,52.423088,9.9817915
300091,52.39136,8.94167
301064,52.15827,9.224329
301414,52.66638,8.249274
300143,52.099422,9.700827
301868,52.41432,11.547524
302952,51.943386,11.479566
302982,52.019077,9.804123
302013,52.320915,10.098037
302618,52.127903,9.551041
300817,51.99913,9.684672
303091,51.899597,10.590386
302484,51.73382,10.142575
302197,51.93745,7.905765
302685,51.795998,9.96395
300632,52.28985,9.989041
300315,51.564087,10.551242
300125,50.529934,7.7208576
300040,52.158527,10.087955
301612,51.454758,10.198841
300590,52.556812,7.749364
300968,50.97177,8.289053
301690,50.73255,8.75083
300627,52.372276,9.512601
301593,51.93403,9.846264
301024,51.32284,7.8132863
301315,51.72192,7.811029
302743,51.400433,8.071169
300033,51.897358,9.700319
300304,51.93516,10.99586
300584,52.388874,8.194592
301059,52.082573,8.257178
302916,52.325184,9.8667755
300244,51.726845,7.8132863
300847,52.176525,9.607537
302639,51.633015,11.950103
302824,50.775208,7.8755727
300450,52.14756,10.291992
302518,51.150124,7.797137
300649,52.49317,8.160106
302278,51.95577,10.285268
302252,52.216133,9.762811
302458,52.43039,9.679243
301065,52.127945,9.344068
302517,51.042805,9.312127
300010,51.576168,8.187373
302268,52.305435,9.902224
300013,52.27006,10.033514
301775,50.611244,11.860112
302651,51.30224,8.905999
302320,51.97532,10.06852
301443,50.45017,7.572994
302183,52.204544,9.9817915
301237,50.941345,7.6230865
300167,52.176872,9.497076
302106,51.789227,9.525895
300800,52.349472,11.786711
301992,50.38925,7.6230865
300805,52.033394,10.195243
301739,50.954117,9.409771
302406,52.1714,9.954607
300196,52.09368,9.994374
302152,51.150124,8.703721
300197,50.682045,7.687009
301225,52.510918,9.599878
301204,52.25799,9.724122
300496,52.026035,10.042943
300110,52.227505,9.978743
301533,52.26504,10.163098
301101,51.88768,9.102659
302912,52.215275,9.6486435
302924,51.083366,9.3876295
301575,52.277885,10.533003
300854,50.526974,7.5930758
301907,51.066216,8.62746
300508,52.082047,8.260471
302779,51.99058,9.967348
300231,52.69523,7.8755727
301390,52.566414,8.504038
301550,52.29671,10.098037
301972,51.92862,9.503839
300767,52.167435,10.329792
300389,50.558662,9.261437
302902,52.003067,8.290026
300241,51.84622,9.842545
301444,50.492256,8.150852
302599,51.35928,8.648204
301768,52.239407,9.910466
301587,51.676712,10.03879
301112,51.419468,9.977418
300693,52.349747,9.629237
302173,51.27228,12.484168
302621,52.276566,10.291992
301277,52.26504,10.348214
302984,51.08382,7.750622
300582,52.008278,9.366158
303123,52.003174,10.132156
300499,52.396076,9.297932
302694,51.339024,7.798773
301829,50.53878,7.767638
301510,51.659298,8.836455
302348,52.152576,8.668524
301288,51.98216,9.5185
302979,51.98398,7.966614
302881,51.220146,7.774342
302159,52.655567,7.8116503
300540,51.8971,9.872066
300071,52.072628,9.562107
302387,51.424473,9.217433
300229,51.910187,10.42129
300503,51.92493,9.45134
300461,51.761253,9.994863
300694,52.24381,9.49579
303055,52.25398,10.150543
301564,50.521557,7.6890335
300807,52.0142,8.935168
301644,51.93516,9.956818
300453,51.23875,8.186234
302720,52.373882,9.220474
302647,52.07443,10.245577
300526,50.296993,8.250811
300397,52.43575,8.984724
302695,52.235996,10.182288
300606,51.158077,9.352125
302519,52.3096,11.485641
301823,52.078953,9.847624
300165,52.062893,9.378898
303010,51.84173,9.166523
301215,52.179504,10.460014
301051,51.33611,9.759176
300803,52.28985,10.140676
300138,50.39308,7.6230865
301457,52.03349,8.308489
300676,52.277554,9.936778
301666,52.172276,9.91601
300085,51.804058,9.768785
300037,51.04868,11.925065
301567,51.910797,10.184752
303061,50.34281,7.6230865
302642,51.748444,10.057958
301061,52.22942,9.907667
301307,52.519703,7.8116503
300190,52.278614,10.546789
300924,50.79844,7.6230865
300385,50.538128,7.6230865
301194,51.599792,9.305125
301410,52.007053,9.593395
302075,51.979156,9.186847
302186,51.871315,10.020294
301409,52.258728,10.108297
303039,52.30787,10.071668
303012,52.03903,10.275169
302167,52.086742,9.707341
302740,52.30787,12.011303
302121,52.27272,7.894908
302062,52.172226,10.000411
302959,52.31732,7.7348504
301687,52.096928,9.917038
301847,52.4926,8.110752
301111,50.980064,7.703547
301747,50.68231,7.6376
301161,51.43488,10.318662
302868,51.425873,7.7666745
301782,52.127438,10.141723
302213,50.39308,7.6910844
300746,51.397774,10.759966
302015,52.39747,9.16289
300122,52.163006,10.140975
301273,50.443424,7.676571
300951,52.43978,10.099369
301653,52.138412,9.676804
302384,51.90914,9.393918
301148,51.298008,9.529533
302719,52.163406,8.717779
300783,51.819695,10.672566
300166,52.242065,10.019516
301844,51.737743,10.018302
301964,52.223885,8.093314
301262,51.461655,10.079174
301037,52.838013,7.874953
302764,51.94913,10.523462
300070,52.225777,9.994863
301142,52.00637,8.518507
300462,52.268616,11.7529
300839,50.339188,7.8132863
303066,52.451782,7.8636045
300388,52.166176,10.303516
300287,52.556812,7.798773
301426,52.086502,9.833208
300547,52.067455,9.329177
302321,52.31519,10.139117
300353,51.946728,8.780619
301052,51.96393,8.719364
301425,52.026222,9.440263
301765,50.509346,7.6230865
302463,52.37761,7.6230865
300530,51.74448,8.525309
301525,52.149506,10.222959
300466,52.7119,7.8755727
300642,49.153584,7.8132863
301934,52.778633,8.233704
300521,52.169704,11.685851
302629,52.401447,9.7316265
300501,52.028225,9.962408
301459,52.283665,9.47514
300704,51.88657,9.155686
301036,52.252533,10.216894
301203,51.900215,8.849328
302897,52.3406,10.780537
301075,50.507275,7.687009
302483,51.380634,9.917983
302154,51.63031,9.947027
300733,49.662395,10.188203
300675,51.887787,8.38056
302999,52.25632,9.990382
302910,52.631363,8.078364
301192,51.9202,10.693441
300869,51.67374,9.568144
300552,50.45017,11.901658
301662,50.496593,7.687009
300384,50.713528,7.75132
302872,51.7733,8.33185
302784,50.94039,8.210063
301353,51.952007,8.143076
302270,52.207176,11.007582
300399,52.138367,7.7015224
302748,51.829456,9.309048
300566,52.338055,9.986387
303004,52.055027,9.558662
302457,52.163406,10.257726
301298,51.686382,10.132144
302625,50.411484,7.6230865
301762,52.036465,10.206436
301000,51.99736,10.045402
300781,50.991543,11.632346
302453,50.764164,7.7666745
303047,52.340637,10.49644
302601,51.939865,10.014248
302371,52.09299,9.676726
301950,51.906326,9.977225
301872,51.96368,9.686869
300386,52.096836,10.028646
301421,51.920944,9.322973
301885,51.910942,10.039945
302292,52.142708,10.448168
301924,50.469593,11.985202
301710,52.053616,9.163793
301668,50.805622,7.8081155
302176,50.464176,7.7208576
302587,51.902794,10.159425
301342,51.86585,7.9938464
301845,52.31017,10.031689
300427,51.930126,9.484188
300682,52.113506,9.053274
301848,52.10008,11.697835
301820,50.529625,7.6230865
300282,52.423393,9.514206
300820,52.432747,10.112429
302009,51.980083,10.042795
302510,51.997658,7.9814677
300405,50.908417,7.869891
301481,52.510174,10.147093
301745,51.948383,10.197549
303050,51.876312,8.329415
302266,50.46285,12.243711
301219,52.100197,9.716873
300447,52.33238,9.845053
302390,52.370678,9.146712
302509,51.912968,10.204245
303079,52.260624,10.184364
300780,52.06436,10.337933
302145,52.112167,7.756284
301570,52.067142,9.589102
301855,52.057,9.984963
300254,52.32647,11.25782
300479,51.105576,9.953547
300513,52.123905,10.372493
302608,52.144073,9.612788
301027,51.781864,9.970454
302715,50.47877,7.769268
302031,52.28058,10.205284
302334,51.67122,7.901981
300957,52.32877,7.921517
302940,50.48701,11.781188
300203,50.939484,11.960396
300154,52.20308,9.628947
300534,51.84939,9.700319
300341,52.353485,8.445235
302648,51.888584,9.820825
302978,51.9486,9.82505
302235,52.281776,10.422722
302006,52.005833,10.045571
300569,50.96378,7.687009
302078,50.995346,7.759029
300053,52.466488,10.031992
300608,52.14938,10.023467
300131,52.070736,9.367373
301227,52.340324,9.9817915
302610,50.54739,11.901658
300819,52.045166,10.248877
301077,52.019077,9.4103
300459,52.15468,9.725338
301255,52.1667,9.531283
303105,52.336327,9.45063
302368,52.140385,9.978905
301776,52.597687,10.628927
302018,52.285988,10.081786
302742,52.27494,11.001605
302105,51.420456,9.077379
300148,52.041477,9.708215
300910,52.085964,10.840091
302008,52.271545,10.008363
300422,50.772884,7.687009
301954,50.995136,7.6890335
301654,52.337902,8.399361
302521,52.139713,10.2466545
300093,52.37761,10.031974
300689,52.3819,10.346094
301590,51.45035,9.15393
300892,52.30787,10.977369
300115,51.18528,9.175524
303069,50.911987,10.073627
302423,51.084743,7.6376
302196,51.24305,8.980399
301109,52.577858,7.872332
302829,52.209347,10.059455
301971,51.98961,11.236255
300737,52.05602,8.666265
301927,51.90856,10.542656
302908,50.59807,11.9386
300358,51.402218,8.730801
301411,52.180958,10.118027
302772,50.133343,7.6230865
302535,51.9577,10.639867
300604,52.449314,8.979406
301833,51.81325,9.890429
300174,52.408024,8.253494
303000,52.239796,9.969251
300558,50.78793,9.678285
300663,52.23036,9.953547
302131,52.320488,9.936698
302108,52.226856,11.486771
302109,51.863297,9.770167
300563,52.132046,9.895831
300500,51.88757,9.989885
302844,52.073086,7.6689034
302898,52.10034,9.933779
300636,52.128487,10.033066
302206,50.50984,11.671977
300650,50.45017,11.868931
301898,52.59183,8.329415
300610,51.93345,9.254368
301362,50.43451,7.769268
302947,51.664032,9.975867
300097,50.40474,11.720204
302045,52.527588,7.8081155
300668,52.173347,11.307215
301383,50.77958,7.687009
300473,50.42551,10.448356
301378,52.412457,8.704925
303081,51.9867,9.524589
300481,52.144848,8.597555
300863,50.729134,9.804919
302233,52.40546,8.183304
301389,52.252533,10.157856
300766,52.487885,10.328841
300829,51.116837,9.813833
303016,51.648205,9.697743
300265,51.44568,9.483519
300614,52.028454,9.967327
301916,52.318142,10.231944
300701,51.343426,9.37304
301105,51.299652,8.7194605
301819,52.262333,10.294097
302864,51.716076,9.383216
302630,51.961483,10.391816
300692,52.0642,8.85579
301382,51.296837,10.199784
300124,51.34075,9.626324
302052,51.116436,8.220327
300029,50.850086,7.846074
302666,51.82403,10.667097
300842,52.13043,10.334143
302974,51.841103,10.569952
301930,51.97461,11.187857
301164,52.158527,9.5650425
300235,50.969036,11.96689
300516,52.374687,8.804492
300885,51.924446,10.040293
301746,50.614826,7.9814677
300822,50.49189,7.687009
301365,51.401756,9.00245
301970,52.282837,8.750473
302911,52.648476,8.246235
300169,52.409527,10.205284
300284,51.92559,8.894881
302634,51.664978,9.944457
301734,52.35126,10.123441
302936,51.912968,9.7919445
301200,51.549465,8.44376
302830,51.95047,10.06852
302760,51.527996,9.275535
301180,50.78793,11.911211
301552,52.523575,10.411143
300761,52.030663,10.1851425
302269,50.414074,7.8331904
301151,51.953342,9.977418
302620,52.276215,7.7677565
301057,51.901688,9.826009
301846,50.4684,8.5905075
301358,51.790234,10.207701
303045,52.672237,9.676286
302202,52.060673,9.410224
301520,52.353867,9.822401
302583,51.563053,8.723883
301890,51.918182,9.76832
301766,50.50123,7.6230865
300157,51.699104,8.849328
302486,52.078777,9.5536585
300210,52.190113,10.122804
301979,52.671024,8.007893
300019,51.961067,11.550669
300933,51.23759,8.385313
301019,51.825184,9.3024645
303125,52.11454,8.611388
302158,52.438923,10.189516
300523,50.479046,7.6376
300271,51.79797,9.970454
301664,50.401394,7.8539324
301926,51.919945,9.351626
300950,51.608574,9.202001
300715,50.91536,8.947754
301377,52.28058,9.940523
301754,52.15196,10.645744
302745,51.151775,8.5178385
302791,50.755783,8.718198
300724,52.219162,9.760326
301125,51.659298,9.797608
302324,51.21659,8.761433
301618,50.526974,7.917622
302879,51.617664,9.9423065
301258,52.115463,8.969876
301396,51.100906,8.234957
301505,52.296745,10.166596
303120,51.18136,8.032684
300930,52.484184,10.087478
301139,52.088737,8.79423
300237,50.30891,7.687009
302356,51.50236,8.301176
301875,52.060265,10.124145
302537,51.27228,8.428357
301054,52.372276,12.049727
301987,52.381622,7.845499
301370,51.645435,9.156438
301373,52.587646,7.7015224
300719,50.496593,7.6230865
300191,50.496593,7.7728457
302569,50.585346,7.8944716
300058,52.281715,8.398306
301861,51.825974,9.951427
303089,52.28837,9.9255495
300047,51.785767,8.779336
301490,51.592422,10.113143
301433,52.269554,10.207701
301279,52.32611,10.025559
300313,52.043476,9.37304
300083,50.707737,12.005742
301568,51.838543,9.569931
300051,50.526974,7.797137
303035,52.28837,10.11896
300478,51.32103,10.191854
301877,52.009975,10.188617
300956,51.846466,9.982556
301897,50.40588,12.373785
300759,52.046627,9.821512
301407,52.22454,9.937131
300318,50.617493,7.6230865
302401,51.673996,9.696391
300063,51.963387,10.398733
302963,52.136257,10.068481
300851,50.39308,7.687009
301076,52.18353,9.337088
300163,51.013023,7.505031
301667,51.126926,8.156351
301889,51.789455,8.964703
300201,51.434284,9.214729
300335,51.19515,10.128242
300684,52.155033,10.055188
302557,50.197227,7.9058867
302679,51.81404,10.018065
302820,52.220833,11.653051
303032,52.26168,11.605226
300316,51.842953,10.395871
301579,50.830067,8.288349
301799,51.7929,9.0981455
302548,51.83374,9.18739
301384,50.17146,7.6230865
301130,51.98061,9.930328
300378,51.808605,9.368574
302782,51.32275,8.369714
302347,51.34228,8.895908
301413,52.313503,10.223706
301677,52.450714,7.782831
301650,51.124588,9.21716
301705,51.98761,8.152826
300750,52.134335,9.923974
302706,51.538673,9.8576355
302116,52.280968,9.958726
302313,51.778366,9.029825
303036,51.69896,9.983207
300728,50.655792,8.067311
301314,52.492138,8.793239
300887,50.997818,7.9558673
302101,51.989838,9.772262
302571,51.290257,10.196163
301801,51.555676,7.902325
300285,52.316475,7.7658334
302480,50.24266,7.687009
300849,51.836452,9.180099
300798,50.738155,9.590657
300616,52.125504,10.070702
300283,51.668076,10.012481
300446,52.68883,8.370886
301532,52.14133,10.028004
302551,50.491913,12.046083
301903,51.12981,7.887298
300158,52.25003,9.843545
302161,52.12621,9.655635
302194,51.463524,9.7806635
301702,51.808582,10.120571
302153,51.693092,9.87465
300330,52.510437,8.145123
301605,52.47238,10.618293
300212,52.66813,9.766368
300136,51.93068,10.3335085
301648,51.303696,9.900455
301066,51.640755,10.948495
301346,52.023346,8.979452
302358,51.323643,10.116904
302262,51.803192,8.410364
301278,50.529625,7.6230865
302447,51.932987,9.823792
301652,52.433395,10.525011
300344,51.62736,9.500438
301083,51.92001,9.636733
302281,50.444935,7.769268
300238,51.994675,9.3474455
302983,50.781185,8.339789
300436,52.20802,9.859089
301213,51.795547,8.622637
302934,51.275047,10.789751
301753,50.57758,11.972682
300072,52.23168,8.11216
301452,52.230022,8.609993
301462,52.16254,9.525845
300290,52.064285,9.562628
302001,50.56222,7.9558673
302843,51.881317,10.286598
301391,50.565647,7.7194986
301919,50.74617,7.8755727
302120,50.46285,7.687009
301412,52.16507,10.066925
302434,51.967945,9.966726
301727,50.88501,9.269938
300823,52.144073,9.947506
300145,50.553974,7.6230865
302346,51.762684,10.016765
301826,52.200935,9.671249
302964,51.198174,10.2596
300598,51.609676,10.224932
301371,51.23206,8.37158
300835,52.14006,10.00474
301497,51.37754,9.522874
300425,52.393314,10.34582
303073,52.148457,9.871602
303122,50.984203,8.757416
300280,50.7354,8.750631
301733,51.844593,10.35274
301241,52.316822,9.940523
302968,50.438026,12.046194
300966,51.005592,8.260569
300220,52.566414,7.749364
302023,50.509346,7.6230865
300132,50.54337,7.6376
302931,51.27806,9.4109955
302020,50.509346,7.8132863
302443,51.8224,9.346971
300618,50.556225,7.7312865
302459,51.887314,9.966104
300128,52.141212,9.210083
300677,51.129173,9.849717
301466,51.23908,8.390318
302909,51.386414,10.43311
300272,52.284927,10.017228
302649,51.87524,9.671798
301208,51.559776,10.924497
302053,51.91284,10.122864
301632,51.862534,9.71711
300916,51.70239,9.916029
300515,51.919132,11.521079
300502,51.27681,7.703547
301529,51.348015,11.838821
301698,52.21678,8.337366
302768,52.007828,10.209808
301287,52.09816,9.149529
302977,52.276566,9.960474
302446,51.38848,8.856514
302200,52.098194,9.939131
300021,50.347237,10.046048
301858,52.47391,9.229756
300449,52.080772,10.521693
300953,50.438026,12.005742
300560,52.081493,9.233283
302132,50.68879,7.829756
302164,52.028736,9.445955
302899,52.182064,9.974867
302837,52.4772,10.719079
300884,52.28985,10.044628
303115,53.268017,8.527926
300740,50.90003,9.29603
300194,52.23981,9.316685
301440,51.980083,10.158879
300969,52.2738,9.712796
302738,52.628834,7.946836
302869,51.82621,10.203711
301680,51.935505,10.104619
300888,50.32871,7.6230865
301818,52.082317,9.3943815
301980,52.00194,9.809837
302749,50.477486,12.031237
302543,52.338345,9.968532
302327,51.14545,7.9814677
302726,52.431423,11.096094
300440,51.818584,8.844339
302010,52.479153,7.917622
301072,52.394527,10.382973
300420,52.12538,9.978188
300352,50.39308,7.6890335
302420,51.334133,9.277234
301569,51.724224,9.654718
302122,51.58576,9.762165
303097,52.426693,10.301917
302405,52.69644,9.9817915
300364,51.9357,8.940596
301403,52.233063,9.996376
302409,52.015717,9.69775
301594,51.570774,10.3846035
302110,52.275246,8.150852
302954,50.469593,7.687009
300342,51.71902,9.396747
302507,51.259914,10.581807
300591,52.305145,10.266906
301251,52.100197,10.052819
301500,51.998768,8.768015
303127,52.083035,9.348294
301146,51.867405,9.667551
300528,52.184654,9.569507
302976,52.219025,10.4713
300651,52.03681,9.518015
301735,51.779854,10.607404
300897,50.534393,8.368652
302850,50.997818,7.7674694
300421,52.51272,7.8084097
300305,51.581738,7.985204
301465,51.074604,8.060072
302366,52.546894,7.703547
302283,51.478798,9.721529
300205,52.128788,10.310904
302988,51.407158,9.840653
301364,52.408348,9.840376
301376,52.423985,10.060006
301928,51.721104,9.959463
300509,52.506355,9.976451
303046,50.52201,7.8331904
300232,51.864082,9.478147
301807,52.2313,10.113093
302251,52.055393,10.155092
300700,52.376545,10.610293
302849,51.590088,9.96831
303026,50.560974,7.814621
302191,52.22319,10.168905
303087,52.180367,8.836455
302527,51.43385,9.6398735
300980,51.88124,9.961539
300096,52.276566,10.282859
302492,52.296803,9.891805
302766,50.819088,9.667737
301244,51.919712,8.125847
301691,52.194595,9.636883
300363,52.409046,9.916991
300546,51.31689,10.161901
301115,51.042126,8.1283245
301834,52.268143,8.696766
301917,51.946068,8.759016
301531,52.166195,10.136861
300920,50.54858,7.6230865
301583,50.53698,8.523137
302708,52.14445,10.261254
300441,52.388294,10.003763
300830,52.123425,9.956657
302379,51.98622,10.578935
302970,51.498703,9.558047
301263,52.163776,10.0862255
302564,52.15827,10.029724
301020,52.20393,10.014107
301738,52.344315,10.443017
300688,51.87252,7.845499
300772,52.031162,8.985404
300359,52.47031,9.022089
302836,52.090687,8.106506
301656,52.015327,9.13953
300200,51.18773,9.203276
300912,51.092957,9.63244
300164,52.109653,9.688113
302508,52.147278,8.059458
303060,50.357048,7.6230865
300356,51.236343,9.869296
300601,52.290295,9.452888
302815,50.50912,12.051786
300152,52.260624,10.446693
300345,50.76725,7.687009
301588,52.4498,10.184583
303020,51.97313,10.207663
302452,52.03597,7.9568977
302216,51.721104,8.650867
302253,51.866016,9.255812
301638,52.043396,10.054637
300491,52.059364,10.224311
301973,49.926247,9.697743
301143,52.223465,9.919703
301128,50.83494,7.7471066
302528,52.37764,9.970454
302127,51.995045,9.062134
302700,52.134342,9.499708
301357,52.379574,9.944132
301996,50.983437,9.136464
300008,51.519638,7.6827073
302713,51.718678,9.922286
302355,51.995888,9.50445
300393,50.212093,9.445286
302617,51.02117,8.743716
301126,51.783222,10.478458
302882,52.176617,10.763304
302272,52.163826,9.844117
302705,51.219746,10.098037
300815,51.860313,9.269706
301675,50.32871,7.8331904
300371,51.774494,8.85069
300587,52.150475,9.411796
300879,52.078705,10.390845
300269,51.38622,7.687009
301245,51.129333,9.622928
300729,52.045166,8.79595
300993,52.121113,9.958415
300544,52.093468,11.271057
302570,50.83837,7.7015224
300671,52.030293,8.405317
300256,52.15468,9.665208
302435,52.234486,10.096195
300415,52.1557,9.797855
301958,52.31507,11.884636
302095,52.07594,10.084525
302448,52.29877,9.974614
302210,52.271935,8.902653
302211,50.838654,7.771111
300958,52.15578,9.180099
300035,50.44296,7.7666745
300255,52.304836,10.501224
302847,51.22378,7.7404933
302039,51.992577,9.974246
300574,52.16513,9.624779
300988,52.02988,9.960302
302956,52.154484,8.816278
300685,51.8224,9.34155
302767,52.251823,10.043694
302787,51.362698,7.6230865
301319,52.276955,10.210812
301599,52.1668,11.136879
302408,51.22462,9.684672
302662,51.82185,9.512601
301681,50.709557,9.979984
302876,51.886597,10.098897
301701,50.470867,11.641856
302582,52.331043,8.653489
303043,52.074734,10.114414
302444,52.080322,7.9638553
301757,52.133095,10.014488
302439,52.11752,9.466613
300511,52.266563,9.351264
301120,50.617493,7.703547
302674,51.386353,8.5651455
301211,51.513756,7.9814677
302807,51.887276,10.006982
301960,50.493866,7.6230865
302709,52.233746,8.085024
300016,51.79022,9.951206
302598,51.326935,7.732593
300592,52.00628,9.5541315
302035,50.60477,7.6230865
300518,52.040943,9.685679
302937,50.805622,9.0613785
301780,52.50504,7.7348504
302523,52.08932,9.878979
300490,52.560394,10.068677
302637,51.50317,7.6376
301884,52.118797,9.534583
302087,52.139713,10.064942
300698,50.539623,7.7404933
300060,51.910797,10.178635
301726,52.15344,8.871534
301670,51.38885,9.271119
302860,52.120235,9.844263
302227,52.271545,10.485688
301929,52.217705,9.895434
303111,52.253902,8.506385
301136,52.144966,8.399897
301331,51.68036,10.180036
301336,52.67276,8.248266
303008,50.92676,7.7325163
301062,52.22335,10.477956
301294,51.41515,9.750534
301099,50.895054,7.643971
300960,52.11469,9.9223995
302326,51.823,9.2195
302335,51.607166,10.011601
302884,50.753944,7.3184414
301817,51.461582,9.69799
301156,50.953613,9.136965
301522,52.383156,9.5629635
300337,52.215134,9.9817915
300626,51.601482,7.7403326
300699,51.90281,10.0446005
302981,52.32921,9.982164
300646,50.54446,7.6230865
301026,52.242058,10.503888
302412,50.78793,10.383275
302505,52.25661,10.098037
300216,52.44137,10.737228
302712,52.28985,11.508545
301949,52.02463,9.696811
301222,50.83155,9.942878
301603,52.15731,11.673707
300226,51.936428,7.981222
301563,52.318142,9.958242
300084,51.9491,8.991219
300788,51.856186,10.247668
301380,52.00135,9.988893
300043,52.53215,8.400681
300712,51.66698,10.048658
300373,52.561752,10.125075
303116,52.22878,10.010876
301173,51.770763,10.3526
300113,52.24612,9.899808
300934,50.479046,7.6230865
301235,50.47074,11.786711
300442,51.93299,10.627478
302466,51.370575,8.875971
300438,52.36039,10.156197
302701,50.527966,7.722388
301900,52.055138,10.100901
301978,52.309994,7.8448777
301134,50.56772,7.687009
302554,52.07604,10.045571
301778,52.569794,8.2032
300734,52.29907,9.117176
302019,52.18022,9.943467
301619,52.249073,10.291992
300785,51.04293,9.560397
301808,52.21425,12.113903
300472,51.40695,8.533036
303112,52.09844,9.760696
302961,51.525906,9.552938
300790,52.03006,9.228449
302242,50.42082,7.760095
300895,51.352512,9.866991
301091,51.58698,9.415744
301201,52.10761,9.9403715
302724,51.71841,9.5431385
300603,50.252605,7.6230865
300543,50.529762,7.687009
300484,52.613636,10.728447
302139,52.451767,8.783483
302338,51.88604,10.243844
303102,52.140877,9.594585
302250,52.16474,8.849328
303117,50.36096,7.6230865
300914,52.48862,10.158073
301683,52.321125,10.031644
300962,51.20213,9.476391
300171,50.957836,7.8116503
300176,50.503593,7.735371
302354,52.0721,9.946035
301504,52.202232,10.029724
300922,50.20887,7.6230865
300486,50.47778,7.7392573
302756,50.56935,7.6230865
301940,52.3022,10.632781
301748,50.311096,7.750622
302585,52.105854,9.910485
301367,51.918427,8.741424
301345,51.61368,10.158632
301187,52.578976,7.784756
302526,50.715103,7.7965155
301580,52.376175,10.241659
300595,52.354805,10.120884
303044,52.169033,9.933378
303095,52.202232,10.038589
302141,51.856068,9.79044
300743,51.97453,9.715957
303067,52.330063,11.256974
300082,51.315266,10.023615
301720,52.15827,9.425862
301547,50.504276,7.6230865
301159,52.278305,9.5581045
302565,52.07637,9.214729
301771,51.918427,9.132748
300713,51.978966,9.356154
300146,52.19946,10.073821
303085,52.07997,8.259388
302894,51.92812,10.089051
301909,51.930496,9.47262
302703,51.92456,9.627842
301797,51.93242,8.746572
302287,50.76762,7.769268
301402,52.121113,9.842115
300488,52.288834,7.749364
300559,52.12538,10.041967
301202,50.311245,7.774342
302234,52.420135,10.223931
301718,52.382214,10.545205
301785,51.03452,9.008856
302922,52.39302,9.04705
302741,52.556812,9.803169
302277,50.51486,7.8784285
300319,50.730503,7.6293364
301283,51.352165,9.978188
300030,50.606586,9.6090145
300565,51.891888,10.209215
301458,52.282043,9.782568
300609,49.928272,7.7658334
301461,52.646538,8.233468
300334,52.54007,10.047501
300577,52.40919,9.445039
302024,50.40123,7.6230865
300087,51.5094,9.641276
303118,50.97501,7.811029
300347,52.461014,10.052736
300456,51.436516,9.982881
302399,52.545933,8.333036
300428,51.143574,12.141616
300381,52.28638,10.184752
300628,51.167614,7.862583
300092,52.220757,9.9684105
301596,51.894367,9.7806
302866,52.20588,10.030098
301023,51.372578,9.662087
300007,49.901466,8.3943815
300664,51.679302,9.48194
300321,52.419754,7.749364
301082,51.800198,10.232377
302135,50.73209,7.966954
302222,52.351044,9.980447
300918,52.18652,11.791584
302332,52.165844,10.247668
300731,50.54137,7.6230865
301344,52.175774,9.454402
300736,50.43451,7.687009
301767,52.134567,9.287786
301821,52.165672,10.021757
301324,52.460964,9.440895
301961,52.563442,10.122592
301994,51.86322,10.413637
301758,50.445824,7.6335897
302992,51.97532,9.968884
300076,51.855793,8.8791485
302198,52.035675,9.977418
301869,51.98464,9.499263
301674,52.245193,10.373833
302322,51.97664,9.788958
300891,52.56729,8.188942
301451,50.39308,7.6230865
302442,52.548462,7.8132863
303027,51.161182,11.053285
300965,51.50553,7.9808526
301614,50.99978,10.654651
302840,51.720215,9.503365
300903,51.95821,9.425231
300015,50.40665,7.6230865
302905,52.220833,10.336974
300374,50.727917,11.901028
300710,50.988983,7.687009
302074,51.964676,9.968532
300633,51.31,8.8521
300228,52.176617,10.244476
301435,51.079395,8.559318
301167,52.03903,10.168867
301152,52.43207,11.623972
301888,52.344337,10.302537
302839,52.430363,10.403591
302123,50.750916,7.811029
302071,51.99893,9.716939
300751,51.755417,9.662235
303029,51.739117,8.017969
302044,52.00757,9.745933
302049,52.136883,8.540072
302718,51.096832,9.595235
300310,51.90043,7.6230865
301450,51.87057,8.957684
301896,50.046555,7.767638
300705,51.5423,10.316299
301977,51.79875,10.39304
302425,51.778366,9.884522
302547,52.34135,9.451367
300003,50.874763,8.980981
301781,52.276566,7.8186626
300947,51.875164,10.108972
302831,52.257015,7.765344
301557,51.537712,10.109046
301665,50.837624,7.849091
301453,50.094418,7.9794197
302883,52.330063,9.977567
301199,52.556812,7.9413133
302871,52.176857,9.935208
302372,52.086266,10.224139
300549,52.44307,9.956345
301906,52.246723,9.707199
300251,52.526283,11.006399
302260,52.339375,10.131309
301001,50.43908,7.8755727
301684,51.845966,10.133025
300665,52.08632,10.361585
300303,51.812443,9.372066
300293,52.376305,10.570326
301894,52.069656,9.821072
302921,52.007133,10.115354
302546,52.44485,8.706465
300193,51.38465,7.8755727
301646,52.49043,11.118448
301468,50.997795,7.829756
301559,52.224777,9.852504
302375,51.489647,7.9343514
301348,51.283035,8.385927
302331,52.400494,11.521965
302083,52.017776,10.333421
300296,52.397915,11.759234
301356,52.118797,9.580416
303053,52.166195,9.746717
300898,51.18926,9.912709
302469,52.482555,10.473118
301624,52.078526,8.7454405
300153,52.36305,10.979226
301119,52.135056,9.952984
302941,52.21661,10.319832
300326,50.745453,12.039766
302474,51.952133,8.735871
300529,49.804718,8.164558
302168,50.807396,12.336906
301309,52.02463,9.198504
301329,50.645493,9.306412
302943,52.23,10.509811
302042,51.58319,8.429857
301905,52.013256,10.154257
302067,52.039608,9.795005
300695,52.100197,9.988893
300471,50.45017,11.88763
301190,50.78793,10.134193
300619,51.931995,10.123667
301975,52.424656,10.1415
301257,52.058212,9.6898155
300111,50.469593,11.421833
302874,52.083843,10.087611
300727,52.345657,10.184752
301197,52.14867,9.920258
302293,51.471386,8.171919
300989,52.556812,7.9919977
301080,51.83324,10.387994
301008,52.028225,9.514206
300291,51.98895,9.7967005
301448,51.744328,7.891891
300711,52.16551,10.00474
302687,51.880733,10.052672
302678,51.964493,9.980244
300926,51.86808,10.39641
300367,50.96079,9.977007
300809,50.510338,7.55444
302828,50.55725,7.6230865
301744,52.016567,9.846026
300531,52.023525,9.630378
301073,52.121113,9.770985
300095,51.732048,10.147093
301581,52.5529,8.353461
300375,51.81939,9.405982
301464,51.826263,8.449213
300886,50.71448,7.7348504
300739,51.94128,9.970713
300369,51.95265,9.73106
302722,51.243484,10.226659
301416,51.964737,10.10176
301196,52.316822,9.703349
301184,52.46761,7.8755727
300747,52.55198,7.9094214
302014,51.38474,10.025319
301712,50.997818,7.6230865
301312,50.17951,7.8132863
300787,50.71448,7.6230865
300243,50.713173,8.060072
302907,51.73898,9.2026205
301488,51.684563,9.990324
300599,51.348854,9.565366
302704,50.379604,7.811029
303082,50.300022,7.7904015
302419,50.595768,10.046264
302237,52.280327,10.325394
300553,50.311687,8.554513
300870,51.9934,8.09823
301230,51.96487,9.744391
301103,50.328026,7.6230865
301335,52.17435,9.530747
302175,52.45984,7.855735
300383,51.759228,9.465459
300333,50.66764,8.122395
301236,52.49317,7.8084097
302341,52.460022,8.765404
300001,52.07478,7.932906
302805,52.119034,9.036799
300027,50.697693,9.589264
302506,52.018597,10.012193
301124,51.63772,8.06848
301221,52.114693,10.187212
302817,49.910816,8.546372
301714,52.601494,7.7674227
301113,50.83597,8.029414
302717,51.89188,10.77674
302804,52.010498,7.7848434
302489,52.19946,9.609885
300795,51.589058,9.470644
301554,51.322807,10.00264
300690,52.430668,9.965828
301043,52.356377,10.507942
303103,52.13918,10.207701
301636,51.25922,12.089046
301098,52.17421,9.892114
300221,52.10731,10.117162
301476,52.556812,7.7825394
303092,51.812424,10.004616
303098,52.0873,9.759375
302538,51.94137,9.833668
301087,51.437706,8.7596
302818,51.914234,9.532908
300752,50.60375,7.6230865
301228,50.490883,10.332611
302391,51.979847,8.486643
302360,52.13177,9.652064
301218,52.15468,10.115354
301751,51.72302,10.275429
302761,52.533207,11.787105
301306,51.953564,9.212853
301527,52.24381,10.13673
301313,52.102444,9.889781
301759,52.568798,7.7015224
301106,52.103218,9.839078
302989,51.875164,10.115354
301631,50.438026,7.687009
301728,51.843483,10.557865
300770,51.347168,8.361828
302298,52.339375,10.501545
300605,51.67724,7.9259524
300396,51.864937,9.649333
301249,50.618336,8.446192
302575,51.267467,9.19875
300292,52.130634,9.384583
301943,50.510338,7.6230865
300430,50.78793,8.435442
301469,52.344315,9.853812
302623,51.632763,9.943367
302114,51.50016,11.647269
300542,52.063923,10.884655
300350,51.700115,8.619316
300963,52.217136,10.705946
301035,51.73517,10.238659
302757,52.176132,9.639973
302011,50.656693,11.620508
301030,52.69909,9.065635
300802,52.3819,9.656834
302846,51.584286,9.940653
302357,52.289833,9.602069
302289,51.39211,10.270319
302040,52.25398,8.499178
302515,51.390396,9.825192
301725,51.94392,8.994741
300391,51.9208,9.9075
301069,50.529762,7.8851647
300999,51.440693,8.081755
300094,51.46172,9.736718
300261,52.259094,10.066103
302520,52.07804,9.05611
300624,51.791336,10.157092
302859,50.52122,12.005742
300127,51.34079,10.053337
300940,52.236572,9.002134
302628,50.742798,7.6230865
302540,52.503517,10.459669
300765,51.34699,8.683338
300990,52.351044,10.374612
301561,51.56294,9.959835
301586,51.573845,8.768708
300382,52.59183,7.6230865
302762,52.340504,11.546066
301760,50.412804,7.8539324
302885,51.735485,9.685904
301772,51.634808,8.994017
302671,50.65355,7.7173977
302614,52.276955,10.34536
301763,50.712223,9.349142
301154,52.028225,10.120985
302436,52.496754,9.974117
303019,52.271233,10.205284
301193,52.333885,10.262798
301301,52.046284,9.761199
300123,50.27847,7.701213
301715,51.819546,9.980913
301350,51.359222,10.172943
301316,52.260624,10.21754
301233,51.832325,10.165234
300742,51.829407,10.577296
300859,51.64396,8.69792
301292,51.877274,9.659359
301891,52.019077,9.650584
303113,51.729652,10.488131
300756,51.959312,8.741424
302980,52.730118,7.749364
300796,51.936546,8.94713
301915,50.836422,12.707031
302622,51.342213,8.179993
302971,50.554974,7.6230865
303040,51.330967,7.569993
302563,52.229073,9.970454
301857,50.54137,7.6230865
301659,52.125088,10.037429
303131,52.0654,9.9676895
300126,50.95824,9.843173
301293,51.277996,8.547148
302878,51.90655,9.959835
302204,52.34695,9.226534
300106,51.839893,9.312008
303068,50.48653,7.887781
300159,51.889393,10.056938
302926,52.220833,9.544027
302350,50.70577,7.9467773
302325,51.830902,8.23069
301811,50.935673,7.9204473
302475,50.526974,11.911651
301220,51.113743,7.9094214
303031,51.93105,9.497323
300873,52.33898,10.131246
300276,51.98028,9.063468
302627,52.207497,8.706793
301070,52.113743,8.92413
301005,50.332867,9.375135
303003,51.083393,8.398306
301911,52.15426,10.168905
300467,50.479454,7.6230865
301025,50.894165,7.687009
302267,52.293888,10.024822
300380,51.743355,10.015463
300792,52.67255,7.917622
301478,52.42082,8.971196
301717,51.94681,10.00819
301253,50.09709,7.7658334
300732,52.103687,9.545292
300862,50.738155,7.75132
302933,51.2495,8.929267
301183,52.48772,8.808883
300555,52.26943,10.100292
300049,51.52199,9.4574
301242,52.2793,9.688113
300799,52.628834,7.749364
302856,52.055073,9.607616
302918,52.340637,10.181646
300936,52.62852,7.787599
303083,51.953926,10.019315
302966,51.35178,9.9719715
301660,51.18926,9.551816
302880,52.127697,9.319713
301742,50.450882,7.6230865
300253,52.090893,9.919338
300647,51.87388,9.955552
301651,52.420135,10.224139
300964,51.76939,10.122317
301706,51.14582,8.133158
300996,52.09892,9.561491
302468,52.476395,11.786711
300662,50.990322,7.8116503
300634,52.403133,9.597174
300955,50.75727,9.0242405
301999,51.170033,9.818559
302343,50.727272,7.7404933
302602,52.29945,9.867754
301866,52.205128,9.937716
302129,51.724976,9.809364
301678,52.34438,10.011978
300872,52.459732,8.1532
301953,51.280342,9.500113
302581,52.415108,8.892451
302247,51.919456,9.01833
300527,50.422165,12.1413765
303021,51.99072,7.9912105
302990,51.975185,10.07197
302808,50.83738,12.004725
301207,51.637024,7.8203063
300233,52.30949,10.72162
301334,50.479046,7.687009
301695,52.276566,10.145411
300652,51.395073,9.519343
302395,51.271996,7.8132863
302036,52.336792,10.204992
301556,52.175987,8.272999
302529,50.777153,8.398306
300607,52.130146,8.979182
301881,52.367645,8.942644
301456,51.951374,9.9719715
301740,52.014347,9.4752035
301615,51.345047,9.728544
301381,51.78553,8.712871
301545,52.10577,10.00474
302411,51.538757,9.168286
302497,51.824467,9.571997
302734,52.30447,10.228987
301446,52.17286,9.691053
301449,52.119476,9.963151
301254,52.62852,9.631236
300215,49.70481,8.081755
301385,51.042126,8.891717
302890,50.399925,12.005742
302407,52.048412,9.474109
301750,52.258125,8.523137
302229,52.155296,8.63622
301328,52.038948,7.7964387
300192,49.957794,8.292138
300042,51.95316,9.765924
301397,51.20988,10.063007
300279,52.27099,9.624539
302524,52.130215,8.883654
302780,51.96225,9.963151
300360,52.217644,9.572505
301352,52.121113,10.247251
300267,52.13026,9.666996
300034,50.654427,7.750622
300249,50.825,11.711929
302470,52.181877,8.803973
300246,50.479046,7.7674694
302825,51.63434,9.782357
300670,50.529762,7.7666745
303090,52.303276,8.778754
301693,51.99159,10.408306
301272,50.74905,12.101644
301901,51.6239,8.982615
302646,51.481834,8.119163
302055,50.36122,7.6376
300861,52.3893,9.997559
301084,52.02022,9.451327
302427,52.314182,10.066103
302115,52.026688,10.040293
302037,52.405586,9.734128
300877,52.124226,7.891891
302558,51.2113,7.8689833
302763,52.49274,8.411377
300630,52.037678,9.309776
301630,52.174923,10.540629
302300,52.02887,9.337435
300102,51.28666,9.994588
302711,52.62852,11.182086
302301,52.284546,9.158005
301044,52.318142,9.931659
301400,51.647835,10.118132
303134,51.68662,9.454718
301882,50.705524,7.6230865
300948,50.41102,8.015393
302428,51.046654,9.066034
302723,52.211666,10.335899
302693,52.655567,7.9573674
302421,51.915142,10.247668
302654,50.370445,10.018352
301543,52.15406,9.082358
301140,52.057858,9.863102
302589,52.115864,9.7428465
301100,52.093327,9.751692
300617,52.15827,10.207701
301423,51.88057,10.05614
300758,52.129295,12.572487
300994,52.25954,8.764835
301968,52.19946,10.079273
301499,51.76616,10.193794
301141,52.271935,10.455817
300645,52.09994,9.841786
300824,52.028473,9.991236
302209,51.637833,9.691789
300974,51.439045,10.693948
302342,52.126667,9.730454
300793,52.072598,10.172753
302193,52.403133,10.710602
300831,52.03047,9.887781
300874,50.377117,7.749364
301851,52.048985,9.044069
300927,51.296837,10.185998
302297,52.195446,9.979421
301672,52.321564,9.382775
300050,51.805084,11.960666
303077,52.185383,8.142073
301322,51.92496,8.249445
300036,51.704,10.153864
301406,52.190113,9.6263
302050,52.42268,7.7666745
301880,50.712845,11.8129015
300902,51.371227,10.058642
302029,51.2127,8.314373
301501,51.522446,8.321533
301401,52.159813,9.325447
301790,52.15837,10.125717
300640,50.430237,9.575594
300443,52.22942,9.844752
300086,51.99016,8.968428
302310,52.19946,10.375724
301721,52.19996,9.64567
300784,50.77977,8.463858
301438,51.601017,10.319832
302668,50.50623,7.7985682
302855,52.356377,10.108297
300556,51.323284,8.511326
303071,50.911163,7.7506504
302296,50.772903,9.90232
300762,51.34004,7.687009
301327,50.421474,7.7419896
301997,51.891106,9.949674
300568,51.988304,10.288718
302389,52.00457,9.279668
300187,52.51272,8.802456
301355,51.34967,9.804483
301170,50.758133,7.7015224
301616,52.509052,9.954116
300150,52.20896,10.239424
301854,52.071297,10.168359
301127,52.070854,9.882752
302588,52.300644,8.866584
302733,51.802322,8.80986
300656,52.194126,9.744834
300738,52.431488,7.856458
302746,50.359936,8.141908
300909,52.087566,9.980447
301088,50.420105,11.76812
302915,52.677372,8.820108
300434,52.238777,10.270519
302352,51.78804,9.913842
300181,52.410534,7.905775
300850,51.74877,10.131246
301479,52.31312,10.114181
301601,52.096325,9.533261
300469,52.80315,7.7015224
301311,52.38635,11.132042
301359,52.263794,10.207701
302958,52.24195,9.611884
300307,52.202232,9.989412
302665,51.752865,9.181809
301191,51.99317,8.956588
302600,51.882275,8.171806
301956,50.525463,11.650671
300410,52.28364,10.181149
301041,52.19971,9.391585
301535,50.088337,11.3945465
302786,52.276024,10.963313
302853,50.657223,7.7658334
300118,51.995934,9.277777
303054,51.85303,9.597479
301347,51.66028,10.149639
300721,50.510338,7.732593
301404,51.491905,9.765854
302946,51.8224,9.166643
300299,52.593277,8.471195
301663,51.342503,7.6866994
302314,52.27425,9.349142
300077,52.271366,9.671249
300032,52.141064,9.977418
302003,51.627045,9.520616
303129,52.13273,9.5254345
301223,51.93006,9.963455
300635,52.242886,7.8755727
301515,51.976574,9.678224
301104,51.29559,8.01756
300881,51.959846,8.414511
302765,50.451454,11.972682
300941,50.57488,12.106096
300561,50.56757,7.687009
300207,52.316788,9.695707
302593,51.791172,9.036457
301658,51.70026,9.9719715
300789,50.97667,9.222626
300151,52.249493,10.178896
300302,50.905758,7.9997597
301963,50.986916,9.819409
302180,51.198174,8.395725
301697,50.576195,8.03591
