id,lat,long
300121,52.118923,9.966484
302441,52.031097,10.1506195
300266,50.486042,7.6148815
300911,50.55481,12.246397
302681,50.504093,7.5668206
301610,52.001755,10.162359
302875,50.509983,7.598011
302261,52.238716,8.533266
302365,51.81296,10.005272
300709,52.143536,10.104118
302304,51.271214,8.681644
302731,51.209667,8.460808
301055,52.35457,10.119821
301310,51.942566,9.949352
300273,49.69199,7.6148815
302038,51.462856,8.671209
300116,51.13655,7.8179398
302736,52.147568,10.069227
302891,51.965675,9.873875
300583,51.306217,11.741112
302725,50.45898,7.6377883
300451,51.708324,7.64341
302203,52.032444,10.034993
301216,51.307972,9.517379
300741,52.224957,10.601423
300827,51.373524,9.433098
302900,50.661194,10.7279415
300186,50.809902,7.5897274
300588,49.563942,9.439926
300680,52.096622,10.169114
303070,51.910156,9.808818
300088,52.092785,9.575315
301741,51.796654,10.194954
301474,52.20523,11.619722
301028,51.933735,9.983692
302938,52.539524,7.9410105
301436,51.725826,8.514047
300937,51.00638,7.7051463
301177,50.817436,7.6409874
302073,52.086414,9.682858
302863,51.71971,9.879611
301621,52.44904,9.969191
301779,52.18302,9.998514
301033,50.566288,7.6148815
300062,51.52101,8.153878
301922,50.948826,7.549371
302418,50.755955,8.300928
302896,52.200443,9.968422
302641,52.150967,8.830316
302249,51.36626,7.7348003
302776,52.450745,10.12898
302138,51.885494,9.651365
300489,52.38581,9.958785
302987,52.605732,8.830455
300184,51.769943,10.290941
301485,52.28662,10.407124
300004,51.9914,9.866774
301341,51.83312,9.296446
300673,52.204285,10.030253
300100,52.18382,9.666573
301491,52.539524,7.97872
300392,52.196888,9.745282
303075,51.775845,9.218029
302942,51.16993,7.6523867
301074,52.52135,10.110241
302142,52.060898,10.34316
302130,52.119045,10.236317
303114,51.938206,9.899126
302330,52.025726,8.646083
300982,52.37073,10.078726
300620,52.53898,10.347761
301270,52.070126,10.216397
303119,52.237507,10.330794
300227,52.132633,9.281519
302739,52.356754,8.261185
302949,52.11437,9.472638
302137,50.91427,7.719222
303063,51.306915,10.1819725
303038,52.224022,9.76201
300658,50.284027,8.108452
302533,51.8314,9.242465
303110,52.12031,7.9364495
302054,51.146492,9.854751
301800,52.312366,10.037312
300401,50.65972,9.96915
302769,50.655384,7.9151325
301175,50.601715,7.6702847
300943,50.480507,7.742837
301472,52.338974,9.79574
301107,52.210682,10.707888
302636,52.193237,10.090256
301777,52.16048,9.879613
301865,51.672302,9.983753
301137,52.204285,8.468159
302174,52.43017,8.2926235
301340,52.08586,10.082966
300180,52.16824,9.995416
301417,52.20075,10.066254
300406,51.649475,10.234506
303042,52.212658,10.441652
303011,50.3707,7.6148815
300028,52.0687,9.725193
301770,51.69718,9.719387
300055,51.85533,9.493732
300899,52.03508,10.085773
302735,52.143536,10.140384
302562,52.336082,9.969288
302302,52.129906,9.594041
302472,51.31813,9.790992
302033,52.33495,9.186834
301576,51.73587,7.994086
300324,50.401554,7.5519023
302877,52.14757,9.713331
301303,51.44183,9.246256
302611,52.33581,10.202874
302495,50.959015,8.48774
302503,52.07517,10.020001
301475,52.085697,9.718251
301447,51.908794,10.389629
302643,52.022423,9.345878
302295,52.669956,8.337469
302215,52.224957,10.036202
302960,52.1231,9.49607
301962,52.15308,10.257133
303062,52.233498,10.197711
301548,51.285973,9.898897
300919,51.888237,7.802515
300537,50.59829,8.259553
300129,51.598026,8.610697
300204,52.40915,9.561579
302257,52.255264,10.034097
303002,52.224957,10.034872
301704,52.063587,9.937897
302873,52.125633,10.035459
300179,51.757427,9.55981
300067,51.808193,8.727335
301791,51.939556,10.364181
300625,52.16824,8.036175
300702,51.851425,9.200941
300878,51.15163,10.389603
301558,51.773067,10.059554
300189,52.163548,9.800839
301815,52.0985,11.062953
302690,52.327206,10.095479
302795,50.487244,8.06909
301437,52.2031,9.022239
302462,52.455147,8.116417
301837,50.631924,7.6661983
301939,52.523888,8.268295
300046,51.56871,9.804909
302030,52.25631,10.125796
301296,51.05387,7.6377883
301281,52.489414,7.799487
301931,52.07789,10.20938
302586,51.999752,10.093241
300660,50.809902,7.7421966
300836,51.987453,10.190204
302536,52.21191,9.688288
300611,52.12815,10.503847
300576,50.43916,7.7387276
302841,52.233784,11.888642
301647,52.60654,11.931637
301802,50.965538,8.33502
302857,52.1211,10.011096
300435,50.966972,8.254059
302185,51.78829,9.514342
301981,52.33819,9.888658
300871,51.677654,9.5597105
301166,51.433567,10.043668
301932,52.344036,9.3039055
300801,52.43446,11.452814
300991,51.55804,9.353043
300485,51.044865,9.250118
300031,52.39967,9.579894
300239,51.862213,9.855318
301555,52.09604,9.092781
300720,50.94972,7.692164
303017,52.276947,9.112483
300848,52.309853,9.666127
301047,52.007217,9.823409
303108,52.14468,9.96074
301542,51.998833,10.103857
302561,52.10685,10.070088
301995,50.768288,7.598011
300794,52.148716,10.0481825
300707,50.412308,11.55262
300623,50.94544,7.826869
301511,52.375153,9.579204
300218,50.83642,8.286296
302124,50.6184,12.052279
302057,50.87267,9.232236
301965,52.185642,9.9976425
300354,52.187267,9.279174
301372,51.439537,8.583796
301969,52.209984,8.429623
301976,51.088707,9.888875
300696,52.21772,10.734004
300119,51.999836,8.271406
302789,50.231865,7.9051228
302226,52.090027,8.688566
300771,51.725605,8.547373
300068,51.864544,9.707795
301297,52.43668,9.709705
302596,52.163246,9.041267
301498,52.096622,9.895045
301774,50.060204,9.331116
302113,52.030582,9.956837
301366,52.360153,9.908923
301473,50.246513,7.6148815
302092,51.855656,9.874101
300185,52.626404,7.741033
302291,52.142757,8.083895
303080,52.379105,10.037283
302957,51.66898,10.55093
301731,51.802315,10.072489
302477,51.24601,8.554889
301408,52.117332,11.218333
301966,52.562714,8.173733
302783,51.117783,7.9030375
302162,52.01175,10.072767
301206,52.16824,10.077894
301007,51.13655,8.561137
302157,52.12347,10.058005
302775,52.10653,9.981494
300786,51.96349,8.899274
300812,51.672417,10.796703
302798,51.564438,9.815865
302913,52.19471,10.241686
302102,52.291847,10.044867
300791,50.54645,7.6523867
301692,51.468178,10.374633
302082,51.748943,8.63067
302085,51.889267,11.504887
301181,52.209457,9.675289
301948,52.379227,9.802577
302208,52.1484,8.716532
300978,52.0467,9.800839
300379,52.166073,9.979752
302236,52.310505,10.043292
300773,51.930008,10.116174
300300,52.1881,10.139758
300230,51.722225,9.046396
301360,52.63617,7.8113546
301018,51.94972,9.121116
302652,52.690296,7.8593655
302361,52.259483,9.577458
300002,50.87934,11.430714
301635,51.806812,9.148895
300545,52.206154,11.563316
301937,52.114357,9.031925
302727,52.356754,10.143873
301541,52.15743,7.815426
301709,52.326015,9.42317
301467,51.35436,10.021059
300222,52.370316,9.778238
301516,52.188347,10.12576
301923,51.22256,9.21586
303024,52.36296,7.900368
301422,52.189217,9.99613
302555,52.185036,9.975108
300468,51.90146,10.120363
301783,52.298386,9.525262
302000,52.25644,10.155379
300301,52.319458,10.193197
302344,52.095566,10.097603
302311,50.965538,7.731601
301947,50.552612,11.984245
301620,51.860207,10.233416
301050,52.015053,9.818712
300825,52.48145,10.486758
301805,52.317883,10.608531
300585,52.156975,10.187021
302848,52.10683,10.018453
301259,50.392685,7.605505
301673,51.899036,11.2589445
302832,52.035503,9.676226
302150,51.77819,9.512401
302402,50.619797,7.6264105
300975,52.069923,10.489918
301957,50.494213,7.5863776
302862,51.788036,9.83866
301188,51.921368,9.898699
302316,52.49954,7.9243445
301809,52.415577,11.803602
301096,51.838524,9.943358
302182,50.532383,11.984245
301252,51.4899,9.072112
300112,51.20649,9.009372
302904,50.438404,7.682016
300198,52.02383,9.931793
301305,50.229187,7.6377883
302410,52.173107,9.191643
301523,52.18235,9.948944
300209,50.94423,9.568232
301827,51.09946,8.22765
301562,52.24591,9.07168
302793,50.90607,8.772398
301852,52.05891,9.210041
300506,51.646324,9.5988655
301427,50.365166,8.217
303018,51.45866,10.566978
302333,51.926277,10.771089
301874,52.18235,10.084238
301879,51.252872,9.010788
300306,52.037308,9.660005
302207,51.114048,8.221128
301824,51.894913,9.947582
300722,52.12334,9.84133
302025,51.46135,8.422407
301528,50.994385,7.7811275
303104,52.08769,9.990398
302449,52.3385,10.020595
302676,52.088276,9.729493
302383,52.50946,7.7957597
301172,51.99377,8.874962
300432,52.125633,10.156344
302631,52.21882,10.797958
302710,52.48063,7.9428144
302778,51.84266,9.9874525
300992,52.690296,7.76394
302842,51.27846,8.897874
300423,51.997326,9.592721
302997,52.22434,10.12308
300426,52.152508,10.274785
302107,51.132607,10.468836
301178,51.987823,9.874366
300355,51.96171,9.771478
302481,52.16776,10.046742
300550,52.30769,9.998173
301321,52.233498,10.039804
301863,51.20649,8.400871
301056,52.482895,9.668432
301925,50.360874,7.647378
300114,51.928326,8.615101
301264,51.22979,9.277061
302935,52.12907,10.217755
302656,52.4037,9.477022
300562,52.18235,10.019493
301755,52.172817,10.306268
300674,52.472492,7.633955
302919,50.57432,7.8673987
303014,52.23646,11.172781
301622,51.74618,10.219911
302404,51.049282,7.9428144
302663,51.815464,10.110315
300073,51.226925,8.549569
300672,52.125633,10.00454
301038,51.94394,9.763704
301097,50.80589,8.812094
300024,50.285828,7.80595
301308,50.87397,11.36464
302691,52.392784,9.247353
300505,50.349968,9.914135
301122,52.034225,9.883474
300681,52.681526,9.520941
300139,51.18203,12.1525545
300522,52.47333,11.212391
301830,51.21428,10.737126
301508,51.71918,9.303789
301095,51.548023,10.245089
301540,51.130062,10.353156
302962,52.125633,10.131517
301933,52.4443,10.39903
302473,49.56189,10.348995
302118,50.68504,9.156629
300240,51.29974,8.841034
302903,50.83151,8.147608
302370,52.264973,9.531058
302800,51.914307,10.761171
302544,51.156124,9.592957
300444,51.15509,8.602939
302667,52.322395,9.82772
302388,51.83933,9.864442
301108,51.18537,9.989843
300149,51.987095,10.897021
300570,52.182182,10.040256
302171,52.571533,7.842292
302169,51.574505,10.058282
300661,50.52108,7.54995
301460,51.683075,10.104682
303107,51.981903,8.60279
300011,52.07789,10.040631
300206,50.569935,7.655586
301604,51.965942,9.428583
301990,52.16824,10.103857
300006,52.142815,10.088262
300744,52.292988,9.63996
301860,51.805164,9.551873
302282,52.073757,10.1608095
301240,52.16649,10.647922
302929,52.085022,9.881806
301565,52.373894,7.900368
300130,52.151024,9.891774
302046,52.225033,9.952314
301354,52.444847,8.469588
300730,50.82005,8.494367
300622,52.16824,9.842813
300454,50.551758,11.804147
302117,51.98918,9.460527
300644,52.24305,9.9463625
302125,52.286053,9.502552
300845,52.00866,9.857831
301323,50.58292,7.692164
302584,52.42789,7.888556
302888,52.07789,9.894446
301657,52.07789,10.182621
300539,51.822243,10.171791
302603,52.077435,8.076836
301839,50.946068,7.994086
300938,50.42062,11.973017
302225,51.994263,9.939548
300944,50.87186,9.410403
300679,52.147568,9.546342
301002,51.273296,8.365509
301160,50.67136,7.6148815
301530,51.825035,9.98828
301250,51.773296,7.7559514
300455,52.397114,9.609041
300074,52.26983,9.084523
300813,50.207203,7.602306
301722,50.64357,7.7449017
302541,52.097454,10.060653
302482,52.06297,10.255441
301375,52.125652,8.459929
302721,52.315613,10.07425
301806,52.147724,9.364371
301608,52.605732,7.823086
302819,52.1442,11.611527
302064,50.80944,8.163818
300065,52.177082,8.632636
300593,50.580357,7.6148815
300225,51.832447,10.097603
301524,51.496754,9.53474
300864,52.135498,10.08375
302490,52.014595,9.955094
303130,52.00466,10.271615
302079,52.092678,9.597423
300581,49.319843,9.541493
302098,52.10907,10.054909
303005,48.627914,8.284899
303078,50.912525,9.957223
300757,51.836227,8.762349
302861,52.626404,7.9834747
301045,52.01341,10.106352
302785,51.42422,7.498268
302965,51.98906,10.043668
303065,51.99377,10.106483
301363,51.96305,10.062389
300140,50.98356,9.069588
302796,50.499004,7.5833626
302094,52.49097,10.261149
300297,52.444187,11.538261
300408,51.38556,8.620203
302034,52.03836,10.215927
300832,52.49851,10.074065
300860,50.948826,7.6148815
300075,52.162033,10.07891
300264,52.308205,10.000239
302566,52.1506,9.720823
301804,52.16824,9.986703
303030,51.86747,9.18757
302294,52.126797,9.980113
300575,51.122467,7.727598
301150,52.2031,10.173688
302413,49.69166,7.8113546
303015,50.91265,9.540256
302930,52.246193,9.845311
301495,52.212517,9.321069
301094,52.323597,9.782975
301049,51.883675,10.693279
301941,52.49354,8.127867
302433,52.496918,8.687095
300331,50.564384,7.727598
300578,52.406433,9.484841
301825,51.415085,9.958179
301454,52.515755,10.084722
302500,51.88933,9.85449
300135,50.454727,7.650577
301572,51.98527,9.340753
303028,51.673386,8.867348
302214,52.720734,7.8457885
301607,52.10037,9.72823
301986,51.261063,8.791262
301238,52.1621,9.755863
302218,52.369774,10.647172
302136,52.0179,9.772721
302759,51.38334,9.197363
300188,51.179413,8.695839
302692,52.224957,10.025683
301892,50.594917,7.8755646
301518,52.09721,10.12902
302394,51.556293,7.746702
301493,52.0767,9.633182
301299,52.070126,9.757159
301285,51.36144,9.46127
300998,51.334873,7.7971973
300596,51.2284,7.5668206
300921,51.874237,9.716646
302088,51.472584,9.19199
301032,51.69661,10.074651
302499,52.18235,10.053984
301553,52.31295,9.80636
301276,51.340252,9.998514
302657,52.16824,10.849505
302659,52.052822,8.936299
302781,50.43655,7.835788
302275,50.547062,8.133276
300769,51.83511,9.450686
302806,52.134605,9.65401
302511,51.98686,10.017867
301642,51.465267,9.451824
302070,52.299538,10.375139
300826,51.814102,9.54822
301688,52.42171,7.994086
300838,51.966297,9.302783
302155,52.07951,9.997242
302773,50.3707,7.7672973
300289,51.757854,9.877851
300213,52.226013,9.442232
302400,52.47923,7.8644624
301394,52.28598,9.951105
302619,50.45898,7.6148815
301431,50.98215,8.427727
302239,51.7975,10.92033
302223,51.945,10.162126
300913,52.1442,9.860001
302308,51.861687,9.430249
300512,52.246487,10.120037
301291,50.45898,7.5897274
302323,52.520443,8.66417
302660,51.404278,8.854752
302534,52.224686,9.429532
300901,51.69188,8.191023
301068,50.62129,7.6377883
301831,52.12803,9.778055
300263,51.32736,11.985617
302827,51.949203,9.615866
300411,52.125633,10.155632
301071,50.52316,7.6377883
301955,51.615402,9.903945
300217,50.231102,9.038253
300997,51.964546,10.237627
302550,52.037037,8.729378
301537,52.13045,10.387275
300985,51.07024,7.7227206
302577,52.16824,9.149626
301017,52.42943,8.490819
301332,50.39983,8.887777
301876,52.526867,7.821189
301602,52.191296,10.045735
302607,52.4676,11.069802
302221,52.103943,10.089755
302549,52.626404,7.994086
302126,52.08496,10.028992
302217,50.478256,7.6523867
300735,50.35628,10.0300455
300493,51.824944,9.327116
302093,52.176052,9.420303
301803,51.92479,9.190836
300510,52.323597,8.24691
300418,51.79359,9.77116
302955,50.387608,11.8077755
300487,52.157932,8.920253
302494,51.15801,10.068063
300541,52.112263,9.900401
300714,51.077427,7.5139236
302939,51.847042,9.4855385
300748,50.36349,7.741146
300054,52.08415,8.809937
300066,50.58917,7.6148815
301507,51.31787,8.355696
300814,50.73099,9.701407
301902,52.208385,9.602654
301598,52.571354,10.195591
302339,52.224884,10.58187
301289,50.924843,9.521513
302504,52.23465,10.875792
301132,52.189186,9.738104
301021,52.348873,7.97872
302028,52.025814,10.079807
300554,52.17439,9.710061
301114,52.050133,9.171857
302059,52.377243,9.1895275
302684,52.143536,10.180774
302707,51.89498,9.46301
300775,52.20202,10.369451
300754,51.341034,9.942859
301589,52.23333,9.705418
302192,51.69676,8.976766
303064,50.726574,7.6377883
302542,51.067,10.104118
300764,52.508244,11.311082
302901,52.558235,8.215311
300612,52.18304,9.907752
301862,51.96268,8.230518
302886,51.682938,7.688998
300984,52.626404,7.799487
302996,51.95956,7.655407
301867,52.07789,10.040631
302699,50.548313,7.6314235
301985,52.093754,10.901885
300417,52.042553,9.311098
302096,52.379272,9.873302
301634,52.29248,10.01222
301703,52.26362,9.916969
302416,52.523888,7.76394
300615,51.608738,9.681306
301198,51.452625,9.467812
303084,50.486248,7.6377883
302516,52.055668,9.9310055
300368,52.124916,10.21542
303007,50.44383,7.8042955
302675,50.52316,7.6148815
301229,52.197086,9.791428
301217,51.541634,10.006566
300779,51.98545,9.970428
300419,52.401436,7.768501
301810,52.23451,9.99782
302464,51.122467,9.49768
300806,51.784847,9.171137
301582,51.584793,8.625569
301392,52.050625,10.492268
302359,51.32336,9.611167
302151,52.284065,9.625678
300182,52.02826,10.048437
302422,50.63308,7.805828
302303,51.796104,10.270915
302228,51.458355,9.7871275
300039,52.081722,10.079308
302502,52.38191,10.238581
302149,51.654514,9.745411
300880,51.91243,9.913531
301573,50.68877,7.695363
300726,52.049862,7.9364495
300923,50.50045,7.6148815
302661,52.196163,7.788448
300172,51.420357,7.656862
301338,51.86861,9.724135
301513,52.11482,10.046378
301708,52.3964,8.268706
300362,52.434505,10.139895
302103,52.11437,9.461082
303023,51.068348,9.071505
300525,51.83471,10.227211
301859,52.626404,7.8605914
301886,50.52316,7.7051463
302858,52.18904,9.502763
301696,51.12567,9.7663765
302072,51.359516,10.231177
301480,50.1243,6.9683614
300548,52.30182,10.938547
302190,50.549248,7.6148815
301873,51.914585,9.634614
300894,51.352226,9.95761
301606,51.68235,10.708309
300639,52.182514,10.117154
302595,52.196358,8.992473
300274,52.12895,9.525903
300866,51.844067,9.902753
302698,51.329845,9.010788
302476,50.908325,9.785104
302677,52.116222,10.106743
301655,52.200253,10.135206
301121,52.178093,9.858975
300107,51.990498,10.414501
300314,52.26506,9.749716
301388,52.133583,10.419294
302111,51.02519,8.802205
301967,52.606945,9.685619
300199,50.931984,7.6463156
301339,52.26327,10.1565
301162,51.685585,9.925838
300009,50.495697,7.604326
300340,50.692837,9.045585
303057,51.918743,9.002481
301724,51.744625,10.0367565
302591,51.933743,9.717
300224,52.210865,9.740299
303138,51.986423,10.069249
300889,51.925137,10.350373
300928,52.157608,8.905828
301682,52.071228,10.493369
301761,52.18235,10.320303
300507,52.18235,9.929094
302576,51.334625,9.16457
302424,50.55646,8.021672
302513,51.710983,9.957419
301398,52.026894,10.064254
300223,51.525517,10.409317
301487,50.393246,7.644103
300776,52.097,9.391552
302852,52.276226,10.21201
302437,52.41214,9.997242
302063,52.047623,10.111976
301265,52.43679,9.95455
302522,52.224957,9.702267
302280,51.205143,10.762914
300925,52.160282,9.23694
300275,51.902863,9.598584
301147,52.10452,8.1216545
302560,51.79044,10.106
303049,52.168472,10.053963
302415,52.067135,10.44409
302451,51.13603,9.996848
303072,50.482464,7.6148815
301539,52.279545,9.772508
300669,52.10112,9.927496
302893,52.132053,10.095148
301302,52.23333,10.584004
300697,51.9633,9.862505
302195,51.946777,9.569155
300168,51.970592,9.031268
302362,52.258873,10.189492
302826,51.876175,10.174658
301841,51.463028,9.207055
301661,52.249332,10.143989
302258,52.16824,7.8737607
301275,52.15074,10.210563
301434,52.204285,11.702115
302065,52.287907,9.064789
301034,52.575325,11.0109625
302951,52.37685,7.8855653
301853,51.590076,8.570907
303096,51.890614,9.318176
302367,52.42558,10.525399
301463,52.1621,10.024367
300250,51.402428,7.823086
301526,51.157486,9.697008
302273,51.755745,9.903784
302112,50.60656,7.781974
301149,52.097546,9.062388
302276,51.763565,9.689309
300631,52.390835,7.8855653
301832,51.84859,9.172549
301984,51.692898,9.110957
301349,51.97815,9.708431
302265,52.072353,11.711736
300804,50.45898,7.6377883
302889,51.99382,9.737165
300973,50.932835,7.7278886
300120,51.072765,7.903929
300259,49.94565,11.806979
300557,52.24305,10.914459
301838,51.956795,10.2041445
300023,52.10623,11.050415
302973,52.046856,9.444894
302953,51.00465,8.220169
301617,50.62176,8.828034
301432,51.38127,7.7947326
301029,50.487114,7.6148815
302066,52.16047,10.0300455
300211,52.125633,10.0296135
302058,52.0749,10.05932
300014,51.079937,8.916298
301290,51.875423,9.417157
301798,52.074635,10.437874
300666,52.111656,9.852695
302163,51.786106,9.9464035
301189,52.051205,10.474169
300361,50.94165,9.071505
302986,51.984276,9.978981
301828,50.61009,11.998473
302032,51.472267,8.698832
302305,52.018875,8.396584
301870,52.352455,8.588414
300942,51.940693,9.215143
300621,52.270954,8.942702
301849,52.07789,9.968359
300718,51.910686,9.979722
302393,51.588444,10.577657
300056,51.40259,9.222914
301856,52.44361,10.143873
302456,52.093754,10.022047
303106,51.932053,10.63656
302328,51.75337,9.937655
302498,51.44998,9.86551
301186,52.13461,9.202538
300753,52.121487,9.358776
300533,52.20182,8.36017
300725,50.53917,7.625474
302056,51.145554,9.465963
301269,51.75588,10.299062
302613,51.72295,11.184123
300653,50.505943,7.9639173
302230,50.740314,7.6409874
300833,50.50089,7.6523867
300858,52.12287,8.214619
300972,50.392445,7.521454
302645,52.262497,9.970223
300760,51.429718,10.0316725
300678,52.125633,10.076028
302002,52.65684,7.757575
302212,52.491158,8.889507
303109,52.17331,9.410165
302165,51.8966,8.122027
302255,51.39913,10.087866
301210,52.173244,8.930942
301713,51.606457,9.418094
301138,51.344635,10.517044
300202,51.558174,8.713872
300717,51.771942,8.210758
302306,50.68367,8.208254
300961,52.261135,9.375779
302144,52.080986,9.964937
300470,52.02433,10.067207
300052,51.792057,9.705859
301769,51.966297,9.991714
301633,52.33858,10.153552
302638,52.131638,11.493997
300932,51.169456,9.191019
300524,52.00998,8.015606
300412,51.715355,10.132987
302188,52.1669,9.938824
301133,52.15413,10.067864
301135,51.038563,7.8521805
301246,52.147568,9.804614
300214,52.10916,9.674128
301946,50.768288,7.6377883
301163,52.161446,8.484905
300745,50.712215,7.7051463
301936,52.248,11.436566
301239,52.056942,10.435501
301058,50.3707,7.6180806
300372,52.15759,9.382739
302069,52.093685,8.530405
300883,52.124733,10.281923
302948,51.804085,10.18519
301428,50.488335,12.129537
302635,50.344875,9.621455
302932,52.356926,10.270253
302845,52.008846,7.7719817
300691,52.320667,9.801926
302597,52.14654,10.216269
302750,50.678307,7.8730845
301165,52.216576,9.924595
301611,51.694813,7.865907
302559,50.591904,11.861048
300971,52.251896,10.21173
302702,52.523888,10.693505
300104,50.486042,7.781974
301686,52.104153,10.190767
301079,52.05037,9.732061
302445,52.134785,10.121386
302803,50.567307,7.6377883
300686,50.423996,11.791352
300278,52.050568,10.253294
302491,52.023064,8.037038
303121,52.22106,10.540828
301267,52.205555,9.460377
300597,51.141476,8.977609
301944,51.413857,9.512679
302061,52.545704,9.804478
301471,52.090313,10.526837
301988,52.262497,10.452301
300852,52.34639,9.13014
300844,50.931507,7.872358
300600,52.180244,9.388395
303048,50.683037,9.702578
300808,52.33076,7.8755646
300325,51.734653,9.863362
300797,52.378113,10.406383
301067,50.236748,7.6148815
302650,50.47187,7.7559514
303094,51.820984,9.381529
300005,51.974987,9.855456
301982,51.54179,9.272704
301494,52.105698,10.76851
300983,52.125633,10.046976
301998,52.461098,10.523666
302147,51.01124,8.9002495
302539,51.71521,7.8538756
300475,52.05217,9.957419
300476,52.061024,9.948168
301521,50.991074,7.9243445
303013,52.49302,7.9834747
302670,50.971695,9.621381
301850,51.750916,8.352095
302994,50.597805,7.5897274
301883,52.077988,10.0987625
302060,50.4864,7.633955
301974,52.30958,9.70022
301274,51.565105,10.099011
301560,50.74019,10.226403
301920,52.272083,10.012417
301730,51.93152,9.929617
300142,50.993538,7.5954094
302454,52.01636,10.375336
300294,52.215733,10.051625
302993,51.05511,7.9639173
302612,52.016674,9.887166
301637,50.93034,7.6148815
300904,51.307144,8.653749
300308,51.654354,9.484104
301266,50.49857,9.213807
301286,52.19489,9.282875
300348,52.197758,10.14047
301144,50.51224,7.7035728
301158,51.46135,9.943607
302455,51.947468,9.68631
301268,51.5118,11.354356
300366,52.38102,9.045437
302944,52.248547,9.801113
300103,52.187355,10.085472
301989,52.001568,9.231739
302758,51.91205,8.729745
303051,52.253235,10.253705
300483,50.77458,13.125595
302732,51.612858,8.106011
300818,51.620693,9.414012
300323,51.84401,8.858255
303056,51.760693,8.221128
302430,50.57416,7.7046914
300464,51.973866,10.020333
302579,52.052757,8.542054
301405,51.16854,7.6899695
302664,52.070126,10.0293665
300876,52.018272,9.222211
302219,51.9925,10.076398
302353,50.602844,7.897264
302256,51.726192,10.065853
300431,50.663372,10.001221
300424,51.44479,8.895163
300069,50.248165,7.5668206
302689,50.996174,9.192789
300017,50.96989,9.646084
302838,51.589127,7.88976
301584,51.171093,8.815519
301600,52.154095,8.34066
301484,52.08803,8.492201
301477,52.18529,8.498585
302369,52.261425,9.664916
301711,52.060505,9.304822
300173,50.466183,7.9575524
300834,52.128487,9.668107
301131,51.763557,9.994661
302248,51.712,9.38358
302156,51.862125,9.391871
302146,52.076424,8.019766
301503,52.17726,9.881486
302801,50.33739,7.5726075
303052,52.12175,9.929737
303101,49.85519,11.222074
302471,51.976055,9.603055
302345,52.19695,10.060509
301752,52.026676,10.040256
302246,52.213047,10.046192
302892,52.243618,9.96855
302777,51.86034,9.1012335
300178,51.910835,9.966376
300242,52.223206,10.153113
301840,52.16746,9.177229
301628,52.18145,10.132103
301679,51.068348,7.6377883
301991,51.734653,8.95363
301918,52.089993,9.354284
301012,52.105305,9.976601
302231,52.22519,9.507462
300654,52.20948,10.109525
300865,51.520985,8.271406
302307,52.437508,7.7278595
301700,51.651985,9.883667
302284,52.18235,10.168177
300257,52.528927,8.105161
302556,52.433693,9.881207
301093,51.983665,9.510798
300723,51.956375,9.629048
302187,52.379272,8.124701
301185,51.54955,11.323589
301794,52.247795,11.053982
300917,52.158028,11.547189
301643,52.268066,8.225004
301669,52.19089,10.0068655
302594,51.78291,10.915556
300044,51.801777,9.731129
302041,52.20917,9.229015
302753,52.626404,7.7947326
302363,52.392117,8.575143
301609,51.749584,9.426472
301379,52.597015,7.7049527
300837,51.740784,10.072471
302653,51.79677,9.291513
303022,51.883965,8.566503
300445,52.101204,10.093645
302770,50.926235,11.919506
300840,52.523888,8.276991
301536,52.3586,9.269864
302238,52.196815,9.069565
301337,52.63617,8.31852
302349,50.246513,7.6148815
301993,51.13243,7.6314235
302834,52.17958,9.903261
300536,50.97105,8.10555
302172,52.36048,8.925508
300551,52.447216,11.2147045
301538,51.973343,10.389233
300236,52.04913,10.729571
302747,50.553745,7.6148815
300195,52.50055,10.264185
302376,52.329678,7.954309
301418,52.038406,9.761524
300377,51.059376,7.682016
301756,50.887047,8.907979
302737,52.087814,10.0892105
301117,52.605732,7.741033
300706,51.692936,10.110515
301022,50.741154,7.7559514
300064,51.643837,10.101438
301737,51.157486,8.997481
301597,50.63303,7.692164
302928,52.40431,8.077528
302590,51.128258,10.28424
302077,52.06745,9.135173
303133,52.08147,10.028992
300404,52.243767,9.883474
300376,52.093067,11.856292
300882,52.539524,10.466062
300935,51.743874,10.097779
301506,52.601295,9.863543
302512,52.211136,9.9393015
300061,51.904995,8.617653
302166,52.27744,10.335749
302081,52.125633,10.369255
302816,51.356853,9.194111
301085,52.101936,9.678989
300329,52.275208,9.605871
301395,50.421703,7.6148815
301386,51.83511,9.625237
301719,51.43471,9.866955
302016,52.377285,9.393713
301015,52.313633,7.727598
301260,50.6184,7.81554
300247,52.010986,9.264694
300022,51.863407,8.849705
301729,51.865578,10.084405
300101,52.233498,10.210051
301123,52.544838,8.127949
301089,52.12303,9.423734
301320,51.83511,9.677826
302134,52.18235,10.02419
300183,52.31542,10.880042
302714,52.283306,9.661316
301441,51.628223,10.3322
301048,51.94262,9.222036
302532,51.59325,10.047999
300234,51.897408,10.050623
301694,52.088028,10.113171
302514,51.680763,11.729166
301060,51.39913,10.289449
301157,52.690296,7.842292
301110,52.227856,9.558596
300986,50.514263,12.153785
301399,52.204853,10.198746
302414,51.338028,8.828316
301300,50.68536,11.4939995
301626,50.597805,7.6098714
302567,52.372932,7.71268
302288,50.292095,7.7046914
301361,51.20649,8.096228
301788,50.615288,7.6822395
300328,52.01174,10.123045
302854,52.284977,10.096813
300687,52.038033,9.977792
301676,52.397327,8.268706
301003,52.082153,10.35816
300949,52.663944,7.8940034
301205,51.85677,10.706152
300260,51.569843,9.938245
303037,52.070126,10.117446
300906,52.104446,9.525903
302440,51.652584,11.476596
301280,52.126842,10.168617
300841,52.243523,9.085758
303128,51.82988,10.211046
302851,51.412746,12.094288
302644,51.114048,8.943387
300134,52.497673,10.097816
300465,52.26767,9.997242
301182,50.469307,7.647378
301325,52.008007,9.948396
301415,52.336143,8.659305
300749,51.45499,8.134468
303124,51.970657,10.540548
300586,51.229362,8.854752
300945,52.18235,10.078777
302626,51.514057,8.758217
301470,50.958923,9.996848
300959,51.945675,8.391195
302572,51.866005,9.364687
302012,52.439613,10.017626
300429,51.69765,9.579292
300572,51.96245,9.547506
300170,50.965538,8.462107
302809,50.634876,9.795688
300629,52.120277,9.065978
300336,52.076847,10.08255
300079,52.049213,9.612608
300567,52.125633,9.820288
301078,52.1491,9.930024
302068,52.401043,10.325983
302496,50.67994,7.821189
302788,52.16066,9.762968
302799,52.38411,10.162674
302091,52.1997,9.93764
302501,52.132965,9.777348
300437,52.207752,9.011182
301231,52.105698,10.039824
302329,52.36247,10.305922
300141,52.15395,10.107855
302998,51.34905,9.313314
302975,52.19276,9.61856
301921,52.267612,10.2742815
300613,51.66521,9.914754
300768,52.386856,10.603273
300219,51.929554,9.299016
301102,52.18235,10.095232
301053,51.375107,9.668315
300492,51.864307,9.840156
301234,52.251976,9.681678
301512,52.16824,9.976137
301176,52.09184,9.617258
300954,52.152927,9.5724
300867,52.03791,9.799705
302100,50.470562,7.5668206
302730,52.156586,9.083253
302927,51.590622,9.279365
300520,52.394024,10.632036
302385,52.00736,10.014846
301517,51.805885,9.732806
301483,52.379105,9.295754
301486,52.126842,9.952207
302917,51.709785,9.144545
300161,52.1456,8.7406435
301671,51.95482,10.666062
300774,52.116222,9.4162445
300414,51.916485,9.252322
301214,52.53451,9.513384
301813,50.5492,7.6377883
301792,52.2724,11.201967
301639,52.394024,7.99856
300659,50.891335,7.6148815
300117,52.209457,9.923914
301716,52.165565,10.004217
301284,51.37915,9.914164
301592,51.847862,10.097779
300474,52.21882,10.109913
301118,50.17021,12.118091
302133,51.845978,8.327817
300504,52.49654,10.439647
300433,52.29052,10.079038
301914,51.44277,8.238277
301585,51.989723,8.970867
302616,51.72429,9.302389
302148,51.902733,9.895184
300655,51.609417,10.330794
301945,52.277958,10.004214
302592,52.464275,10.045745
302398,52.233498,10.452656
302290,50.57772,7.9428144
303001,51.45224,7.6664248
302967,51.600647,9.883668
302945,50.478256,12.024937
302624,51.14249,8.915552
301814,52.242523,11.411711
302140,51.914288,9.52458
302716,51.703094,7.7482915
301789,48.669304,9.994121
302397,52.17678,10.073157
300133,52.09108,11.6472435
300657,51.869614,9.9854765
300594,52.1087,9.5294695
302552,52.120068,9.896628
302381,51.872105,10.639712
300090,52.03731,9.02588
300708,51.8305,8.227705
300893,52.23982,9.8821745
301641,52.092056,9.135257
300144,51.01124,8.569172
300080,52.494865,8.18295
300667,51.806755,9.794273
302005,52.174168,9.656261
302317,51.79201,10.81332
302177,51.972614,10.109075
302969,51.22149,7.8657303
300277,50.275658,10.240878
301155,52.125633,10.284848
302658,52.355976,9.405259
300810,50.448025,7.6822395
301195,52.346783,9.861174
301571,52.09781,9.92937
300519,52.295673,10.268687
301549,51.21938,9.129377
300763,51.874016,8.801394
302580,50.48116,7.6409874
300108,52.22758,10.102482
300782,52.662426,8.67303
301420,50.50089,7.66867
301649,52.626404,8.081567
301209,52.577343,9.364178
301424,52.07789,9.983421
302865,52.335976,8.3390875
302811,51.146168,8.901737
301613,50.380196,12.019711
302429,52.331844,8.35122
301282,51.52264,9.043818
301129,52.15783,9.032386
302285,52.182674,10.095479
301796,52.268486,9.76373
302241,52.275936,10.6506195
301004,51.805195,9.458789
301445,51.53688,10.684676
303135,50.992783,7.647378
301544,51.962807,10.064344
303009,51.072765,9.652325
302438,52.242523,8.609087
302364,50.427254,7.6377883
302870,52.097557,10.726876
301174,52.094864,9.90851
301942,52.08805,9.771188
302380,50.79426,9.91949
300322,52.25343,10.339141
301913,51.65343,9.987986
300262,52.649715,10.904137
301878,52.12175,9.625468
301938,52.148483,9.486485
300995,52.311817,7.4891124
300532,50.69883,8.230272
301081,51.999077,9.489084
302254,52.20205,10.469884
302697,51.79411,10.038935
300976,50.550007,7.884109
302923,52.720734,7.8668
303006,50.552666,8.20421
300059,52.009857,10.599184
300312,50.570904,8.499201
302426,50.760983,9.184599
301514,50.553745,7.6148815
302814,52.48379,9.804877
300683,51.229446,9.15382
302682,51.303314,7.684482
300946,51.8528,9.612482
301822,52.207783,9.772834
302568,52.087967,10.841048
300025,51.6692,9.74138
302007,51.998608,9.780242
300295,52.03911,8.28179
302245,51.923637,10.096814
300602,52.49023,7.971413
302143,52.647858,7.7374306
301333,51.900414,9.2406845
301910,51.681717,9.582081
300416,52.153465,9.985541
301492,52.012066,9.863124
301625,50.504612,11.459575
300463,52.200256,7.9368367
301374,50.948826,8.132034
300012,51.323586,7.9960303
301577,52.26197,9.007011
300579,52.456,8.710779
302315,51.998123,10.325812
300816,52.084755,9.940635
301046,51.749157,7.826869
300931,50.52316,7.6148815
301153,51.960957,8.918955
302043,50.841885,12.19418
300081,52.523888,8.153878
302771,50.846016,9.277131
302312,52.385815,10.168177
303136,51.41117,8.593216
302104,52.07789,10.177777
302263,52.007404,7.909225
302672,50.853474,7.741033
302299,50.597805,8.257767
300580,52.10566,10.147513
300952,50.45898,7.6180806
301904,52.364815,9.985337
302086,52.076847,9.8125305
302488,51.10368,7.850747
300890,51.329845,8.290646
301835,50.77195,10.652302
300439,50.76035,8.305554
302530,52.29168,10.533051
303058,52.629566,7.8554816
300320,51.46389,9.981409
300395,51.92219,9.378748
301232,50.43611,7.727598
300853,50.315525,10.625689
300057,50.1985,9.318641
302181,52.207474,10.467075
301908,51.638206,9.7125435
300286,51.68162,8.925452
302754,52.05969,10.147513
301864,51.20768,9.563581
301369,51.823997,8.976766
300403,52.21168,10.050623
300258,51.893787,10.30744
301509,52.04601,10.176437
302259,50.444695,7.709677
302633,51.640347,9.172692
302906,52.326603,9.212577
300828,52.18812,9.958422
302525,51.631996,8.475204
302669,52.38597,9.076791
302950,51.901665,10.053149
301842,50.458523,12.137709
302728,52.233498,9.747939
300268,51.889107,9.347599
300394,52.282932,9.424255
300448,50.931984,9.029579
302128,50.35415,7.681717
302696,52.626404,7.8644624
300175,49.417274,10.126959
300402,51.955845,9.950304
300495,51.02708,8.924865
302478,51.769634,9.498134
302604,51.324844,7.9424577
300494,51.613293,9.396041
300018,52.173313,10.832889
300641,52.460766,9.992128
300638,52.351673,9.120368
300398,52.334286,10.917363
302895,51.83295,10.244209
302264,52.2407,9.960604
300332,52.058025,11.403268
302493,52.147266,9.812394
301764,52.150288,9.787318
302822,50.678307,7.557898
302485,52.638954,9.981787
302774,51.156292,9.611167
301786,51.111656,9.009883
301578,51.420357,9.662101
301685,50.587082,11.986827
302680,52.233498,10.049371
301248,51.32336,9.438788
302683,52.200253,10.219092
300105,52.291847,10.133392
300338,51.711876,10.04516
302655,51.699993,9.562473
301271,52.18577,8.127867
300967,52.085373,9.898024
302271,52.042206,10.349987
300811,52.163074,10.172416
300099,51.92541,9.911664
300147,52.468838,10.271036
302431,50.50875,7.6148815
301326,49.56189,10.53293
301496,51.89576,10.147636
300208,52.09774,9.833133
301014,52.114506,11.432447
301212,52.210682,9.877553
301489,52.019833,8.900896
301812,51.929123,10.1880045
300351,52.125633,10.134944
301455,50.625675,11.945249
302386,52.318703,9.880755
303086,49.25825,7.8855653
300288,50.614536,9.025955
302279,51.798534,10.431658
302340,52.082584,9.669651
301887,50.43611,7.709677
301787,50.568592,7.6148815
301627,52.48593,7.7278595
301318,50.835762,7.6148815
302673,50.285828,7.6822395
302374,50.5089,11.799295
301951,52.23407,9.976547
302450,50.410824,7.647378
302017,51.014526,10.241781
301983,52.185566,9.698635
300564,52.42443,9.0413265
301031,52.430534,7.8792005
300477,52.123188,10.0296135
303126,52.14775,10.03554
301387,50.575092,7.747022
301551,52.103146,10.141416
302403,51.836994,8.790352
302605,52.132935,9.692289
300637,51.31818,10.111629
302744,50.46845,8.924382
300390,51.980747,9.244539
301063,52.379272,10.131586
303074,51.862343,9.802724
300929,51.895676,8.688566
302531,50.763596,9.3960085
300349,52.309124,10.067701
300905,52.227715,9.98617
302460,51.866383,8.487835
300041,52.232506,8.968438
302751,52.233498,10.256164
300915,51.91235,9.744147
302004,50.91507,7.6148815
302465,51.93456,9.963168
301169,52.01738,10.036202
303099,52.163548,10.296158
301330,52.162033,10.155761
302487,52.156216,9.629555
301368,52.261948,10.050555
302189,52.129852,9.228256
302199,51.85533,9.767639
300900,50.794914,9.585126
300311,50.95275,9.804557
302632,50.72162,10.258458
302021,51.439205,8.456257
300460,52.260456,7.8278403
300137,51.231953,9.663419
302578,51.908424,9.745621
301261,51.3956,9.825285
302243,50.61729,7.6148815
302184,50.61457,7.703003
300156,51.18203,9.965889
301546,52.3415,9.344113
300875,52.151203,9.918426
302606,52.187958,10.2889595
302755,52.301575,8.017696
301256,51.01047,10.007291
302051,52.057186,9.793445
302688,50.446594,9.5427265
300703,52.40601,7.7335596
301351,52.379105,9.817037
302812,50.7105,10.063762
301743,50.656513,8.063704
301092,51.360363,8.96909
302201,51.19203,10.63118
302790,52.459877,7.943698
302797,52.033924,10.028992
302991,52.02421,10.029456
302461,51.608738,9.261775
301430,51.32336,10.21452
302170,52.155823,10.06279
302080,52.58257,8.383112
301749,51.550896,9.709961
300162,52.243523,11.826917
302224,51.85067,9.247832
301006,51.34605,9.616369
301013,52.39005,7.767252
300387,52.19089,9.882147
300078,52.125633,10.155631
302615,51.126377,8.813891
303034,50.258205,7.7666507
303093,50.860794,8.673886
300868,50.35088,7.5668206
301566,52.04843,9.361746
300160,52.159943,10.138506
301784,50.948124,8.193089
300346,52.252087,10.17199
302048,51.83236,9.020266
300907,51.95669,10.047826
302026,51.989246,10.074391
300480,52.27104,9.919463
300571,52.0322,9.602215
302640,50.550232,7.778858
301793,52.38411,7.8855653
302336,51.546085,9.969688
300457,52.090153,8.50739
300981,51.669327,9.1837435
303132,50.56144,11.791352
303088,51.307934,7.7046237
300987,52.125633,9.866067
302377,52.126755,9.490879
301502,52.626404,9.971384
301317,50.84842,7.799487
300538,51.69386,8.455994
300309,50.942055,7.8459926
302160,50.52316,7.6148815
301247,51.63489,7.802431
301893,51.953346,9.779615
301959,51.476955,10.019735
302119,51.620003,10.154318
303076,52.235264,9.165165
302318,52.11347,8.301735
302047,52.06685,10.05853
301519,52.147278,9.225826
301591,50.63184,8.664642
300970,50.396465,7.6148815
300409,50.35064,7.7342534
303059,52.14757,9.690077
302467,51.190666,8.306992
302972,52.120975,10.084387
301482,52.443977,8.220535
301243,52.180466,10.660711
301935,51.92418,10.398054
300535,52.387745,10.029304
300298,52.173855,8.635299
302794,51.175503,8.992838
302022,52.50909,10.104118
301895,51.319096,9.364969
301595,52.18655,9.239676
302179,52.119408,10.004853
300370,50.562885,11.706251
301623,50.322544,7.6148815
300413,51.79275,9.663449
302867,52.55092,11.634106
301116,52.10821,9.850735
301145,52.125282,8.746911
300155,51.736008,9.64236
300026,51.922485,10.096736
302274,50.630608,10.885055
300048,50.628723,7.781974
300777,51.35958,8.430743
302914,52.391712,10.061504
301843,51.527225,8.717141
302417,50.076084,10.0251045
300979,51.19448,8.349331
300245,51.952583,8.814553
301912,52.46023,9.682497
301640,52.08229,8.620585
300317,52.333557,9.83646
302351,50.45898,7.6148815
303137,51.718117,9.914312
301168,52.070343,10.2670965
302995,52.338974,10.823756
300573,52.30752,10.41827
301723,50.55847,9.725311
300843,50.894985,9.89358
300643,52.264763,9.563992
300357,50.494026,10.347323
302432,50.532246,11.79825
302813,48.73249,9.248533
300716,51.685272,9.187814
301534,51.97575,9.91403
302823,52.2206,7.900368
302090,52.354427,10.176543
301795,51.45343,9.797493
300109,52.24012,9.643013
302729,52.626404,8.1447
301429,52.51384,9.487064
302373,52.42171,7.9014378
301010,52.36752,10.191729
302027,50.45898,7.5897274
301629,52.207783,10.178229
301707,51.539173,10.019735
301736,52.147545,10.299045
300327,52.11437,10.171056
303100,52.073616,10.172514
301442,52.029312,10.009355
301871,52.280804,9.690056
300857,52.050507,9.021759
302178,51.990932,7.9834003
300514,51.793343,9.219071
302319,52.175022,10.28464
302545,52.015507,9.297297
302833,50.482464,7.598011
301224,52.592064,9.989788
300821,52.16066,9.579002
301689,52.28273,9.9699745
302099,52.200253,10.788978
301773,52.266228,9.93389
300365,51.349472,9.606992
300045,51.333103,9.369206
300856,52.164764,10.167179
300482,52.091846,9.884043
302573,51.016266,9.737857
301011,51.971897,7.9051228
303041,51.978783,9.714298
301816,51.47919,8.293589
303033,52.16651,11.5539
301039,52.302895,9.127732
302821,51.092262,9.087453
302810,51.725605,10.179085
301016,52.12244,9.972043
300498,51.977303,9.937095
300497,51.8031,10.198561
302392,51.644066,8.796513
302205,50.891335,7.8459926
300098,52.215706,9.555952
300020,52.126842,10.054384
300517,51.902355,10.062967
302378,50.833324,7.6874385
301419,52.410904,10.37774
302752,52.215347,9.906051
300896,52.43104,9.050834
300458,50.532654,7.656862
303025,51.633274,10.438767
302286,51.84336,8.759867
302396,49.815666,12.000943
301304,52.191486,9.780158
300177,52.11437,8.944073
301295,51.29974,10.4228945
302609,51.87248,10.06437
301574,51.10688,9.962995
301086,50.532383,8.592442
301171,52.134228,9.464319
301645,50.45898,7.6148815
302835,52.293137,9.908948
301836,50.27944,12.059731
300339,50.457024,7.760887
302792,51.763153,9.345311
300038,50.486042,7.800497
300648,52.626404,7.850747
302337,52.38321,9.381156
301009,51.93602,9.488959
302244,52.626404,11.615742
302089,52.338806,9.986921
302479,51.766254,9.49165
302084,52.621506,11.571487
302220,52.047405,8.63067
300407,51.091724,10.073212
301393,51.46123,10.007014
300270,52.256363,9.814863
302985,52.523888,9.048198
301042,52.323082,9.453912
300778,50.495354,7.6148815
302240,52.204285,9.881661
302574,51.009243,10.00801
300755,51.51766,9.714687
301952,52.65827,8.152627
300977,50.515533,7.6377883
301439,50.579212,7.6148815
302887,51.59947,9.277131
300452,50.833805,7.5554957
301179,52.535625,9.676109
300855,51.128063,10.005849
301699,51.544853,7.692164
302802,52.18694,8.584935
301090,51.70517,9.20946
300846,50.568592,7.5668206
302382,51.388367,9.80835
302076,51.809757,9.869232
301040,50.61052,12.080968
302553,52.486626,7.8755646
300343,52.182083,10.147513
300589,50.45731,8.098413
302232,52.534737,9.046534
302097,51.351917,10.2282715
301899,50.466534,10.246615
301226,51.78947,8.388183
302309,51.17281,7.673484
300089,52.232517,9.9386425
302686,52.002117,9.977449
300400,52.34104,9.206803
301343,51.584152,9.932187
300248,51.743004,9.18413
301732,50.533466,7.666108
300281,52.690296,7.568305
300939,50.551453,7.6148815
300252,50.682842,7.692164
302920,50.427254,7.6148815
300908,52.176258,9.969088
302925,52.61403,10.141386
300091,52.63617,7.0853333
301064,51.826157,9.037702
301414,52.42171,8.255102
300143,51.79394,9.845662
301868,52.362675,11.434445
302952,52.027927,11.162779
302982,52.04947,10.016419
302013,52.147568,10.052722
302618,51.89716,9.674201
300817,51.95881,10.237954
303091,51.958336,10.465778
302484,51.858776,10.113171
302197,52.040115,7.9639173
302685,52.19457,9.775889
300632,52.224957,9.775889
300315,51.601257,10.187177
300125,50.533466,7.6377883
300040,52.12726,10.0356455
301612,51.26053,9.936039
300590,52.626404,7.819385
300968,51.25874,8.384254
301690,50.880585,9.232567
300627,52.52321,8.792289
301593,51.604942,10.020617
301024,50.81713,7.895098
301315,51.19448,7.8424945
302743,52.10703,8.335887
300033,52.177025,9.734634
300304,52.080593,11.395689
300584,52.29349,8.350166
301059,51.905354,8.412159
302916,52.15791,9.945862
300244,51.886063,7.9039
300847,52.25312,9.962596
302639,51.49583,11.647707
302824,50.91225,7.901455
300450,52.082306,10.527189
302518,51.06811,7.9243445
300649,52.719814,8.355696
302278,51.876842,10.094139
302252,52.07048,9.417847
302458,52.08995,10.101433
301065,51.609863,9.49591
302517,51.414852,8.982504
300010,51.819706,8.167538
302268,52.213734,9.7642355
300013,52.135384,10.0846405
301775,50.453197,11.791352
302651,51.2591,9.442218
302320,52.03097,10.057744
301443,50.47186,7.5668206
302183,52.18235,10.166585
301237,50.63853,7.6148815
300167,52.16734,9.543513
302106,51.79524,9.022545
300800,52.486626,11.702115
301992,50.3707,7.6148815
300805,52.05131,10.209307
301739,50.95754,9.694419
302406,51.967922,10.029456
300196,52.060368,9.917612
302152,51.837,8.576117
300197,50.64171,7.727598
301225,52.319473,8.836405
301204,52.30428,9.817428
300496,52.008484,10.2702
300110,51.851627,10.354668
301533,52.250393,10.036437
301101,51.888897,9.046396
302912,52.455322,9.924401
302924,51.052616,9.808418
301575,52.233196,10.966612
300854,50.254208,7.6148815
301907,51.329914,8.335733
300508,51.761803,8.432878
302779,51.816845,10.112524
300231,52.690296,7.724163
301390,52.563293,8.591824
301550,52.125633,10.047826
301972,51.76976,9.749818
300767,52.125633,10.200962
300389,51.870594,9.779001
302902,52.344337,8.536744
300241,51.638577,9.907089
301444,50.67161,7.9428144
302599,51.307972,8.864217
301768,52.330368,9.994521
301587,52.087246,10.487147
301112,51.97583,10.029456
300693,52.15491,9.202513
302173,51.63953,11.427722
302621,52.1621,10.075261
301277,52.125633,10.264185
302984,50.88991,7.692164
300582,52.028366,9.290842
303123,51.878742,10.034851
300499,52.27633,10.185353
302694,51.495926,7.850747
301829,50.78642,7.7830434
301510,51.569016,8.921364
302348,52.259266,9.497611
301288,51.844513,9.968417
302979,51.998318,7.9578233
302881,50.870556,7.692164
302159,52.690296,7.819385
300540,51.813374,9.77481
300071,52.044827,9.945848
302387,51.47649,8.135239
300229,52.22765,10.957582
300503,51.91205,9.25463
300461,51.87994,10.006104
300694,52.125633,9.59167
303055,52.088894,10.067864
301564,50.362957,7.7046914
300807,52.05885,8.487064
301644,51.82083,9.808589
300453,51.307934,7.8476424
302720,52.215706,9.5850315
302647,52.364433,10.050775
300526,50.335266,8.0689335
300397,52.37555,9.25808
302695,51.99718,10.264858
300606,51.633854,9.685619
302519,52.196083,11.464482
301823,51.848335,10.046976
300165,51.91089,9.119228
303010,52.08414,9.749816
301215,52.156975,10.041932
301051,51.53398,10.06413
300803,52.125633,9.755143
300138,50.43611,7.6148815
301457,51.850964,8.05859
300676,52.23183,10.096919
301666,52.042572,9.812384
300085,51.819458,9.8821745
300037,51.117493,12.478321
301567,52.018295,10.127485
303061,50.423996,7.6148815
302642,51.937992,9.569371
301061,52.2398,9.880582
301307,52.402615,7.741033
300190,52.12351,11.395062
300924,50.782604,7.6148815
300385,50.189106,7.6148815
301194,51.329964,9.325346
301410,52.19695,9.947231
302075,51.994564,8.307713
302186,51.25444,10.0418625
301409,52.125633,10.08255
303039,52.166134,11.399533
303012,52.05238,9.898435
302167,51.931683,9.797573
302740,52.281933,10.995347
302121,52.18027,7.778858
302062,52.127712,10.291578
302959,52.310276,7.850747
301687,51.70298,9.617531
301847,52.626404,9.476678
301111,50.706085,7.7745914
301747,50.331406,7.6148815
301161,51.63056,9.86078
302868,50.91694,7.703003
301782,52.125633,9.85099
302213,50.3707,7.623409
300746,51.139606,10.682616
302015,52.426537,9.648183
300122,52.10685,10.184678
301273,50.345463,7.6148815
300951,52.429035,10.201535
301653,52.068,10.345864
302384,51.982063,9.392605
301148,51.598545,9.115408
302719,52.207783,8.639132
300783,51.95152,11.619637
300166,52.156727,9.978951
301844,51.8623,10.285385
301964,51.59173,8.412538
301262,51.66486,9.979125
301037,52.502285,7.8459926
302764,52.006275,10.781432
300070,52.2407,10.06279
301142,52.105568,8.241169
300462,52.16824,11.685506
300839,50.218124,7.8459926
303066,52.523888,7.97872
300388,51.77627,10.139636
300287,52.65684,7.8855653
301426,52.21882,9.931813
300547,52.114502,9.509141
302321,52.167553,10.163559
300353,51.864693,9.363447
301052,51.956455,8.605753
301425,52.12939,9.874495
301765,50.45898,7.6148815
302463,52.431263,7.6899695
300530,51.410397,8.094645
301525,52.1175,9.955535
300466,52.626404,7.741033
300642,50.438683,7.798282
301934,52.626404,8.257572
300521,52.090458,11.998822
302629,52.177044,9.438621
300501,52.204582,9.525732
301459,52.367012,10.124699
300704,52.016003,8.970811
301036,52.37073,10.141592
301203,51.797398,9.167746
302897,52.2669,10.502194
301075,50.230686,7.5897274
302483,51.146603,9.697606
302154,52.01113,9.714082
300733,49.554634,10.332009
300675,52.261726,8.388102
302999,52.250072,10.114494
302910,52.663944,7.8042955
301192,51.870106,10.5155325
300869,51.675877,9.331463
300552,50.486042,12.013915
301662,50.861935,7.6377883
300384,50.737392,7.7830434
302872,51.874184,8.413866
302784,50.881756,8.2724
301353,52.0963,8.480886
302270,52.104195,10.177123
300399,52.291164,7.71268
302748,52.111767,9.8821745
300566,52.379105,9.1759615
303004,51.98693,9.0413265
302457,52.15317,10.033235
301298,51.558647,10.790793
302625,50.41024,7.6148815
301762,52.125843,10.07783
301000,51.875107,9.88816
300781,51.144745,10.270373
302453,50.767147,7.692164
303047,52.372932,10.920289
302601,52.130894,9.944209
302371,51.95359,9.14755
301950,52.089252,10.086844
301872,51.93602,9.455507
300386,51.71101,10.039384
301421,52.089657,9.206037
301885,51.388367,9.029579
302292,52.204185,10.177702
301924,50.49724,11.984245
301710,52.111668,9.333462
301668,51.044865,7.7051463
302176,50.482464,7.6523867
302587,51.923252,10.057987
301342,52.31453,8.1518
301845,52.358433,10.022138
300427,52.124935,9.952581
300682,51.97291,9.204212
301848,52.23103,11.452509
301820,50.37646,7.849108
300282,52.133686,9.634799
300820,52.17672,10.10075
302009,52.002922,10.057022
302510,52.362915,7.942213
300405,50.707928,7.7972126
301481,52.371826,9.804877
301745,51.75935,10.39729
303050,51.362507,7.7151513
302266,50.50089,11.945082
301219,52.185036,9.954818
300447,52.276226,9.515858
302390,51.67531,9.1780615
302509,51.590496,9.594592
303079,52.18235,10.104118
300780,52.0591,10.016899
302145,51.9233,7.717668
301570,52.07464,9.616152
301855,52.065033,9.85099
300254,52.311333,11.49983
300479,51.45492,9.764566
300513,52.215706,10.43327
302608,52.06729,9.546307
301027,51.701538,9.954126
302715,50.52483,7.6148815
302031,52.359562,10.089014
302334,51.548645,7.821189
300957,52.380005,7.7278595
302940,50.501114,11.9139805
300203,51.3044,11.986827
300154,52.16554,9.79952
300534,51.93098,9.489316
300341,52.45215,8.122695
302648,52.326668,9.648056
302978,52.015697,9.082956
302235,52.31479,9.989427
302006,51.98636,10.049028
300569,50.860653,7.6409874
302078,51.143986,7.760556
300053,52.499702,10.247636
300608,52.375446,9.853588
300131,52.115803,9.028628
301227,52.200253,10.220174
302610,50.595554,12.12421
300819,51.914577,10.162525
301077,51.919395,9.258811
300459,52.053032,10.32122
301255,52.375,9.486373
303105,52.44225,8.828118
302368,52.156075,9.945774
301776,52.626404,10.953402
302018,52.234444,10.073157
302742,52.22808,10.782372
302105,51.5119,9.348112
300148,51.957573,9.933459
300910,52.306637,10.049408
302008,52.255264,10.045745
300422,50.88221,7.7033124
301954,51.18399,7.7765803
301654,52.690296,7.8755646
302521,52.1605,9.5629
300093,52.18235,10.348407
300689,52.233498,9.954387
301590,51.307934,10.211875
300892,52.06159,10.628802
300115,51.61868,9.549052
303069,50.87692,9.668484
302423,51.249413,7.7713923
302196,51.225727,8.919163
301109,52.67371,7.708122
302829,52.199047,10.155078
301971,51.68634,10.671838
300737,52.225033,8.989639
301927,51.727966,9.023582
302908,50.525745,11.871502
300358,51.346138,9.382975
301411,52.24437,10.009355
302772,50.3707,7.7046914
302535,52.070564,10.991555
300604,51.885223,9.1212
301833,51.744854,9.846945
300174,52.590534,7.6971884
303000,52.1442,9.740381
300558,51.2284,9.567249
300663,52.277462,9.952023
302131,52.152077,10.068251
302108,52.11571,11.619155
302109,52.044796,9.838407
300563,51.59455,10.053797
300500,51.855824,10.085742
302844,52.296574,7.8459926
302898,52.145393,9.989177
300636,52.22996,9.958432
302206,50.457718,11.611585
300650,50.341434,12.12421
301898,52.45925,8.336679
300610,51.961025,9.631768
301362,50.553745,7.6148815
302947,51.94121,9.966767
300097,50.405773,11.845928
302045,52.52365,7.8278403
300668,52.54179,11.270148
301383,50.284985,7.6377883
300473,49.987583,10.608272
301378,52.277943,8.920111
303081,52.033924,9.334726
300481,52.14796,8.985734
300863,50.922585,9.638098
302233,52.281967,8.470118
301389,52.18235,10.094224
300766,52.472908,10.3731
300829,51.2591,10.012292
303016,52.25019,9.645659
300265,51.367165,10.110092
300614,51.615498,9.79146
301916,52.200253,10.053
300701,51.354,9.232739
301105,51.039227,8.42375
301819,52.262207,10.193748
302864,51.54182,9.265255
302630,51.92346,10.066124
300692,52.2389,9.352392
301382,51.329395,10.190974
300124,51.699783,10.025351
302052,51.544964,8.448885
300029,50.741558,7.691577
302666,52.00019,10.092645
300842,51.875675,9.80858
302974,51.977196,10.729363
301930,51.933735,10.048693
301164,52.156075,9.573831
300235,50.557007,11.741112
300516,52.33687,9.25326
300885,51.955845,10.3075695
301746,50.810642,7.900368
300822,50.438404,7.5897274
301365,51.476494,9.573626
301970,52.599903,9.25698
302911,52.7203,8.33502
300169,52.224957,10.14074
300284,52.028934,9.413398
302634,51.683853,9.710806
301734,52.298817,10.14892
302936,51.995434,9.749848
301200,51.635395,8.833711
302830,51.7179,10.034504
302760,51.837326,9.591756
301180,51.0646,11.7605295
301552,52.4264,10.762166
300761,52.04387,10.1121235
302269,50.489407,7.727598
301151,52.070343,9.919497
302620,52.42117,7.9051228
301057,51.87589,9.932187
301846,50.444885,8.000299
301358,52.24374,10.13603
303045,52.4763,8.765175
302202,51.430984,9.7148285
301520,52.374043,9.980597
302583,51.032234,9.361575
301890,52.143265,9.694214
301766,50.482464,7.6148815
300157,51.611866,8.95803
302486,51.966522,9.525575
300210,52.200527,9.93804
301979,52.40104,8.010834
300019,51.902008,11.434166
300933,51.384056,8.695704
301019,51.447395,9.498467
303125,52.253563,8.699968
302158,52.157406,10.185711
300523,50.85553,7.7765803
300271,52.016773,9.997242
301664,50.3707,7.742837
301926,51.94252,9.537675
300950,51.704456,9.321659
300715,50.98215,8.864543
301377,52.27122,10.103857
301754,52.147358,10.558133
302745,51.17055,8.893457
302791,50.203583,9.294548
300724,52.130802,9.936206
301125,51.926174,9.904101
302324,51.394104,8.762226
301618,50.535603,7.771826
302879,51.835068,10.29299
301258,52.22661,9.286507
301396,51.06225,8.380161
301505,52.527313,9.452935
303120,50.98102,7.7482915
300930,52.43295,10.037329
301139,52.099106,8.605269
300237,50.43611,7.6377883
302356,51.296474,8.352695
301875,52.07789,10.229905
302537,51.09161,8.881486
301054,52.4264,11.8083515
301987,52.379105,7.966838
301370,51.56442,10.115996
301373,52.626404,7.7947326
300719,50.67288,7.650577
300191,50.522873,7.7530355
302569,50.965538,8.307808
300058,52.086285,8.485916
301861,51.68672,9.970939
303089,52.144543,9.884359
300047,52.056957,8.634956
301490,51.66746,9.925838
301433,52.16796,10.079791
301279,52.309795,9.996402
300313,52.018677,9.684407
300083,50.605984,11.919506
301568,51.99034,9.518008
300051,50.58917,7.7559514
303035,52.443077,10.18369
300478,51.61295,10.034665
301877,52.10716,10.84447
300956,51.82924,9.925838
301897,50.66281,12.008064
300759,52.226376,10.044285
301407,52.349022,9.737921
300318,50.729607,7.6148815
302401,51.898922,10.461596
300063,51.84679,10.008271
302963,52.141743,10.031624
300851,50.181103,7.709677
301076,52.3506,9.517884
300163,50.835205,7.6377883
301667,50.942055,7.5815415
301889,51.58324,8.540394
300201,51.150063,9.053886
300335,51.40955,10.0099535
300684,52.00259,10.059506
302557,50.582508,7.759522
302679,51.418125,11.492412
302820,52.13348,11.517479
303032,52.300037,9.932644
300316,51.5497,11.084251
301579,50.93034,8.421362
301799,51.911377,9.3657675
302548,51.759266,8.859113
301384,50.448025,7.6148815
301130,52.014553,10.144196
300378,51.672504,8.491814
302782,50.24018,8.173655
302347,51.043972,9.167721
301413,52.233498,9.954237
301677,52.535625,7.9106956
301650,51.3776,9.019788
301705,51.388367,9.104542
300750,52.488,10.031793
302706,51.899384,10.039836
302116,52.18235,9.984827
302313,51.91762,9.290573
303036,51.969128,10.396638
300728,50.90496,7.7698383
301314,52.38902,9.320878
300887,51.08914,7.792068
302101,51.94057,9.510591
302571,51.145737,10.52285
301801,51.414852,7.9428144
300285,52.4923,7.768125
302480,50.57416,7.727598
300849,51.293705,8.84535
300798,50.809902,9.570493
300616,52.126797,10.036497
300283,51.3194,10.144736
300446,52.24798,8.365881
301532,52.184753,9.812472
302551,50.533466,11.899365
301903,51.314457,7.871743
300158,52.23013,9.755548
302161,52.229156,9.807289
302194,51.643517,9.827789
301702,51.885334,10.100867
302153,51.464943,9.536933
300330,52.439613,8.306368
301605,52.156975,10.886062
300212,52.313633,9.965852
300136,52.157516,10.373443
301648,51.250477,9.844018
301066,51.240738,11.266778
301346,51.870262,9.482214
302358,51.507355,9.701601
302262,51.885883,9.053744
301278,50.61265,7.647378
302447,52.364902,9.974935
301652,52.43819,10.232746
300344,51.572784,9.844275
301083,52.01753,9.499816
302281,50.522167,7.5668206
300238,51.741405,9.260526
302983,50.926235,7.8755646
300436,52.03131,9.9822035
301213,51.801304,9.368968
302934,51.328987,11.425173
301753,50.686855,11.965234
300072,52.24924,7.8724604
301452,52.23281,8.770445
301462,52.163548,9.875638
300290,51.67712,9.067443
302001,50.368008,7.792068
302843,52.049496,9.696376
301391,50.482464,7.8139434
301919,50.932213,7.8755646
302120,50.438404,7.6377883
301412,52.065952,9.974277
302434,52.070126,9.250894
301727,51.08387,9.142771
300823,51.961273,10.045726
300145,50.663948,7.6377883
302346,52.172398,9.953679
301826,52.13596,9.842745
302964,51.043682,10.13104
300598,51.796867,10.317399
301371,51.30243,9.238838
300835,52.24305,9.941815
301497,51.489502,9.88754
300425,52.233498,10.106756
303073,51.887283,9.938623
303122,51.090565,8.786066
300280,50.914192,8.762981
301733,51.77499,9.962029
301241,52.224957,9.932697
302968,50.48055,12.118091
300966,50.98215,8.047773
300220,52.626404,7.842292
302023,50.712215,7.6148815
300132,50.470947,7.6377883
302931,51.612022,9.438673
302020,50.47187,7.9428144
302443,51.861652,9.715922
300618,50.8398,7.7947326
302459,51.74532,10.473005
300128,52.206913,9.658077
300677,51.425552,9.981921
301466,50.68536,8.221128
302909,51.965996,9.948652
300272,52.258263,10.222005
302649,51.54539,9.831474
301208,51.801025,9.9640465
302053,51.50671,10.423429
301632,51.80376,9.981494
300916,51.71159,9.3041
300515,51.78542,10.5290985
300502,51.367165,7.791032
301529,50.41513,12.270101
301698,52.197235,8.5514555
302768,51.370285,10.169698
301287,51.947666,9.079904
302977,52.21436,9.605157
302446,50.652332,8.860797
302200,52.112606,10.070704
300021,50.672447,9.929446
301858,52.493656,9.064805
300449,51.891678,10.075593
300953,50.55188,12.268407
300560,51.971577,9.823416
302132,50.901627,7.8459926
302164,52.08373,9.2523365
302899,52.239326,9.967165
302837,52.37765,10.782771
300884,52.16824,10.180171
303115,52.400326,8.474592
300740,51.171925,8.760937
300194,52.15988,9.637883
301440,52.01472,9.965893
300969,52.327538,10.255517
302738,52.614906,7.8495536
302869,51.873856,10.12576
301680,51.95359,9.613263
300888,50.438404,7.6148815
301818,52.129295,9.027077
301980,51.84837,9.884109
302749,50.664536,11.861048
302543,51.96436,9.961394
302327,50.966972,7.811816
302726,52.48403,10.773092
300440,51.81618,9.121899
302010,52.313576,7.8855653
301072,52.401726,9.729618
300420,52.074768,9.815832
300352,50.493103,7.939554
302420,51.618057,9.2157
301569,51.865715,10.031741
302122,51.601597,9.601831
303097,52.25743,10.869116
302405,52.441597,10.222634
300364,52.052532,8.966846
301403,52.111046,10.023114
302409,51.996384,9.803153
301594,50.66379,11.02443
302110,52.214527,8.811538
302954,50.931984,7.799487
300342,51.828194,9.677561
302507,51.512367,10.313649
300591,52.21272,10.172379
301251,52.204285,10.013536
301500,52.19446,8.935723
303127,52.175247,9.908001
301146,51.98347,9.973097
300528,52.239326,9.134751
302976,52.066555,11.148662
300651,51.986675,9.032879
301735,51.368412,9.618256
300897,50.834713,8.020203
302850,50.98557,7.7947326
300421,52.468838,7.7624974
300305,51.75847,8.255692
301465,50.936447,7.9241405
302366,52.35398,7.768125
302283,52.03204,9.637912
300205,52.217464,10.374019
302988,51.825306,9.728716
301364,52.29301,9.557425
301376,52.276882,10.1458435
301928,52.13806,9.804035
300509,52.523888,9.962486
303046,50.597805,7.6377883
300232,51.886627,9.978648
301807,52.070126,10.062503
302251,52.141605,10.25778
300700,52.22434,10.447845
302849,51.307934,10.258629
303026,50.52483,7.703003
302191,51.96059,10.355123
303087,52.330486,8.852341
302527,51.89469,10.13138
300980,51.58472,9.948396
300096,52.3586,10.1887455
302492,52.311565,9.87476
302766,50.543327,8.677108
301244,51.926224,9.154268
301691,52.179794,9.904542
300363,52.349205,8.64344
300546,50.94515,11.31688
301115,50.83884,7.4909062
301834,52.08663,8.983401
301917,52.288975,8.970054
301531,52.214756,10.160316
300920,50.48821,7.6148815
301583,51.152832,7.4441624
302708,52.11437,10.247636
300441,52.156975,9.984644
300830,52.388824,9.325532
302379,52.063587,10.631545
302970,51.211517,9.450975
301263,52.203667,10.262677
302564,52.125633,10.088262
301020,52.369793,10.125111
301738,52.26663,10.338166
300688,51.958794,7.7624974
300772,51.675335,9.15018
300359,52.477325,9.591332
302836,52.240147,8.502609
301656,52.124485,8.582124
300200,51.345505,8.82467
300912,51.044292,8.81028
300164,52.17355,9.529654
302508,52.39767,7.727475
303060,50.33553,7.599317
300356,50.033245,9.960241
300601,52.07178,9.639186
302815,50.597805,12.624271
300152,52.16824,10.063027
300345,50.59614,7.644103
301588,52.34405,9.7586355
303020,52.054985,9.971558
302452,52.016003,7.9992275
302216,51.905605,8.958101
302253,51.81185,9.914972
301638,52.110966,9.831559
300491,52.20786,10.3668995
301973,49.532085,9.9542
301143,52.12175,10.104276
301128,51.072765,7.685215
302528,52.212658,10.0385275
302127,52.039707,8.95236
302700,52.25795,9.540896
301357,52.320847,10.215145
301996,50.797813,9.059313
300008,51.634045,7.890042
302713,51.788986,10.082761
302355,51.856426,9.850379
300393,50.634357,9.299968
302617,51.42691,8.788474
301126,51.82573,10.423988
302882,52.207752,10.408806
302272,52.178093,9.874599
302705,51.760674,10.0532255
300815,51.744576,9.327885
301675,50.515728,7.727598
300371,51.467445,8.940688
300587,52.219532,10.0265875
300879,52.087303,10.563526
300269,51.68218,7.6377883
301245,51.097416,9.703493
300729,52.02433,9.103984
300993,52.171085,9.995066
300544,52.183514,10.098876
302570,50.677696,7.6377883
300671,51.506073,8.86739
300256,52.197895,9.515238
302435,52.397007,10.417677
300415,51.996044,9.84384
301958,52.459957,10.936603
302095,52.130444,10.115724
302448,52.523457,10.792576
302210,52.30226,8.517505
302211,50.860146,8.25391
300958,52.270523,9.7548
300035,50.474655,7.753157
300255,52.43819,10.231158
302847,50.72172,7.727598
302039,52.138172,9.96074
300574,52.469734,9.067103
300988,51.947983,10.155761
302956,52.089195,8.664971
300685,52.040253,9.147007
302767,52.16168,10.001484
302787,51.13603,7.6822395
301319,52.224957,10.210051
301599,52.076992,10.813829
302408,51.2083,9.123711
302662,51.36266,9.6355715
301681,50.995743,9.91233
302876,52.01277,10.0748625
301701,50.549427,11.8203535
302582,52.407696,7.9151325
303043,52.100403,10.172881
302444,52.000618,8.20515
301757,52.16734,9.588694
302439,52.107983,9.684337
300511,52.023228,9.7075815
301120,50.47975,7.747022
302674,51.61481,8.680292
301211,51.36795,7.783419
302807,51.93716,9.80783
301960,50.297516,7.6148815
302709,51.864407,8.407246
300016,51.72704,9.991714
302598,51.631752,7.8343034
300592,52.279366,9.503628
302035,50.58917,7.6148815
300518,51.630222,10.098062
302937,50.90455,9.322998
301780,52.48393,7.9061923
302523,52.105503,10.009048
300490,52.503216,11.427184
302637,51.13672,7.7046914
301884,52.2114,10.035727
302087,52.41866,10.038508
300698,50.61265,7.7051463
300060,52.06685,10.175155
301726,52.135933,8.831563
301670,51.568645,9.410174
302860,51.99303,10.272105
302227,52.330524,10.324607
301929,52.124146,10.234451
303111,52.503704,9.267304
301136,52.28038,7.852
301331,51.85728,10.422584
301336,52.690296,7.917391
303008,50.667706,7.6180806
301062,52.337036,10.528013
301294,51.53357,9.954994
301099,50.68373,7.920471
300960,52.059715,10.131503
302326,51.465115,9.477553
302335,52.097103,9.796247
302884,50.852776,7.6148815
301817,51.789352,9.648958
301156,51.15446,9.000402
301522,52.431995,9.953065
300337,52.182083,10.019493
300626,50.53814,7.741033
300699,51.903736,10.013422
302981,51.705906,10.032939
300646,50.566536,7.5668206
301026,52.00703,10.287552
302412,50.809902,9.936075
302505,52.192955,10.1729
300216,52.291847,10.547618
302712,52.224957,11.547189
301949,52.10989,10.10584
301222,50.839848,10.406383
301603,52.33594,11.441168
300226,52.340736,8.096757
301563,52.17022,10.239858
300084,51.670715,8.95803
300788,51.992027,10.442645
301380,52.361942,10.051703
300043,52.690296,7.954309
300712,51.672558,10.060009
300373,52.222828,9.978951
303116,52.218025,9.760068
301173,51.42598,10.069426
300113,52.125633,9.859853
300934,50.429504,7.6148815
301235,50.486267,11.791352
300442,51.87493,9.931165
302466,51.612373,8.7113495
300438,52.23333,10.427803
302701,50.457024,7.6148815
301900,52.197594,10.051666
301978,52.20518,7.97711
301134,50.712215,7.685799
302554,52.194897,10.089646
301778,52.493656,8.244753
300734,52.12129,9.002124
302019,52.085632,9.260406
301619,52.005985,9.82601
300785,51.10874,9.541684
301808,51.641907,10.521787
300472,51.419468,8.318905
303112,52.00203,10.118667
302961,51.334568,9.033177
300790,51.978836,8.949191
302242,50.36705,7.685799
300895,51.332104,9.975108
301091,51.645615,10.12906
301201,52.043686,9.968328
302724,51.740135,10.360885
300603,51.105713,7.8612022
300543,50.57432,7.5897274
300484,52.524166,10.917347
302139,52.368507,9.020266
302338,51.629173,9.751597
303102,52.16987,9.464017
302250,51.96185,9.122923
303117,50.923584,7.6148815
300914,52.356323,10.303195
301683,52.4392,9.915075
300962,51.21822,9.562732
300171,51.24186,7.8668
300176,50.45898,7.781974
302354,52.170612,10.510924
301504,52.070126,10.203156
300922,50.69984,7.6377883
300486,50.47187,7.6148815
302756,50.361332,7.6148815
301940,52.221554,11.15678
301748,50.32018,7.5897274
302585,51.85533,10.008689
301367,51.92947,8.522884
301345,51.46794,9.3791
301187,52.55399,7.706772
302526,50.45898,8.876045
301580,52.147724,9.553065
300595,52.32007,9.890343
303044,52.114258,10.069686
303095,52.07789,10.090365
302141,51.615253,9.562404
300743,52.151737,10.531022
303067,52.264046,11.452814
300082,51.29539,9.914196
301720,52.166733,9.57383
301547,50.566536,7.6148815
301159,52.224815,10.0385275
302565,52.47757,8.969387
301771,51.68684,9.415067
300713,51.938614,9.23716
300146,52.425484,10.777741
303085,51.783077,8.905636
302894,51.902008,10.506936
301909,52.122173,9.7902975
302703,51.839626,9.978112
301797,51.577137,8.676132
302287,50.423985,7.6377883
301402,51.954712,9.872195
300488,52.45925,7.823086
300559,52.33972,9.977883
301202,50.489407,7.6377883
302234,52.385815,10.211427
301718,52.42171,10.021972
301785,50.634037,9.450975
302922,52.378113,8.9101925
302741,52.605732,9.833804
302277,50.258205,7.8668
300319,50.84249,7.570094
301283,51.25887,10.3293085
300030,49.961475,9.98187
300565,51.963768,10.22197
301458,52.228615,9.375295
300609,50.364227,7.7046914
301461,52.45925,8.790715
300334,52.137882,10.316713
300577,52.46838,9.573936
302024,50.788822,7.647378
300087,51.22149,9.047992
303118,50.94476,7.7046237
300347,52.50909,10.155078
300456,51.024307,10.488377
302399,52.440712,8.191711
300428,50.88844,11.986827
300381,52.113968,10.092635
300628,51.146603,7.903321
300092,52.18235,10.140442
301596,51.961018,9.39217
302866,52.253128,10.008906
301023,51.07314,9.675248
300007,49.59016,8.644363
300664,52.03516,9.820681
300321,52.445023,7.742837
301082,51.74824,10.406383
302135,50.936855,7.7348003
302222,52.134605,9.921914
300918,52.140217,11.732227
302332,52.104973,10.197548
300731,50.486042,7.709677
301344,52.000034,9.699522
300736,50.515533,7.6314235
301767,51.850773,9.405011
301821,52.097538,10.18217
301324,52.138172,8.973136
301961,52.523888,10.229088
301994,51.46389,10.031907
301758,50.931145,7.6369295
302992,51.870747,9.603265
300076,51.748135,7.946409
302198,52.166157,9.979517
301869,51.934315,10.07412
301674,52.176323,10.309487
302322,51.631706,9.664814
300891,52.626404,8.085221
301451,50.43611,7.6377883
302442,52.62113,7.781412
303027,51.126648,11.574825
300965,51.319485,7.6572757
301614,50.85497,11.684274
302840,51.889565,8.774422
300903,52.23302,9.562224
300015,50.564384,7.7947326
302905,52.106594,10.050172
300374,50.532383,11.848187
300710,50.758305,7.6616163
302074,52.040443,9.694261
300633,50.85683,8.969611
300228,52.132126,9.962697
301435,50.68504,9.034183
301167,52.215763,10.2518
301152,52.257133,11.523874
301888,52.16824,10.148896
302839,52.317085,10.009355
302123,51.106956,7.778858
302071,51.794388,9.723535
300751,51.79166,9.092985
303029,51.266624,8.279417
302044,52.005287,10.187389
302049,51.98764,8.651041
302718,51.22149,10.05893
300310,51.680202,7.6148815
301450,51.932785,8.84915
301896,50.901382,7.7046914
300705,51.23212,10.160791
301977,51.85761,10.153334
302425,51.953907,9.853905
302547,52.138367,10.262875
300003,50.19713,8.828374
301781,52.397007,7.865129
300947,51.897976,10.026884
302831,52.362526,7.718222
301557,51.83925,9.924029
301665,50.92929,7.8657303
301453,51.040985,8.425327
302883,51.732468,10.054207
301199,52.45925,7.995067
302871,52.0835,9.710797
302372,52.07097,10.370647
300549,52.29171,10.231437
301906,52.038754,9.742391
300251,52.4676,10.793652
302260,52.224957,10.134375
301001,50.60571,7.673484
301684,51.765526,9.951144
300665,52.035316,10.202567
300303,51.591484,9.072112
300293,52.295464,10.372537
301894,52.136257,10.239095
302921,51.856907,9.977157
302546,52.38597,9.64153
300193,51.407288,7.8657303
301646,52.46838,10.745221
301468,50.86785,7.7278595
301559,51.980957,9.588249
302375,51.25874,8.309036
301348,51.540886,8.577576
302331,52.53898,10.849099
302083,52.42853,9.778304
300296,52.304108,11.5539
301356,52.11175,9.546771
303053,52.367004,9.9864025
300898,51.15509,10.511074
302469,52.647484,10.424477
301624,51.864796,8.992326
300153,52.448586,10.538675
301119,52.043354,9.963692
302941,52.106483,10.213988
300326,50.339394,12.1484585
302474,51.848854,9.293581
300529,51.09006,7.8737607
302168,50.623734,12.142339
301309,51.889473,9.015427
301329,50.73874,9.4313135
302943,52.226585,11.23598
302042,50.840954,8.371742
301905,51.711227,10.384165
302067,51.914577,9.910728
300695,52.045776,10.078541
300471,50.474606,11.979233
301190,50.747845,9.681611
300619,52.11568,10.106524
301975,52.38625,9.912974
301257,52.06867,9.504337
300111,50.486042,7.533297
302874,52.016594,10.215434
300727,52.202156,10.137765
301197,52.19089,9.991957
302293,51.673042,8.955548
300989,52.486626,7.8530087
301080,52.084904,10.130576
301008,52.05343,9.490045
300291,51.748543,9.835721
301448,51.165966,7.85721
300711,52.13937,10.075017
302687,51.973907,10.066039
302678,52.19695,9.918688
300926,52.22422,10.328246
300367,51.11819,9.712245
300809,50.65512,7.6377883
302828,50.546803,7.6377883
301744,51.812363,9.455881
300531,52.107018,9.459808
301073,52.146034,9.727033
300095,51.92443,10.321639
301581,52.705166,8.3081875
300375,52.011368,9.540395
301464,51.638325,7.8338823
300886,50.89661,7.8739634
300739,52.06685,10.022138
300369,51.889797,9.589362
302722,51.06254,10.197611
301416,52.13853,9.994012
301196,52.19089,10.1515875
301184,52.4602,7.900368
300747,52.368637,7.9051228
302014,51.806255,10.008966
301712,51.18904,7.709677
301312,51.049282,7.8113546
300787,50.50973,7.6899695
300243,51.249413,7.9428144
302907,51.65412,8.899235
301488,51.920395,10.040256
300599,51.403656,9.194008
302704,50.513382,7.6409874
303082,50.86657,7.4438057
302419,50.833035,10.200354
302237,52.36226,10.586918
300553,50.918823,8.484063
300870,51.704712,8.15626
301230,51.57094,9.79445
301103,50.392685,7.5668206
301335,52.19758,9.136658
302175,52.571354,7.7624974
300383,51.128223,9.174603
300333,50.822624,8.580658
301236,52.40104,7.929099
302341,52.583965,8.765268
300001,52.281967,7.7227206
302805,52.226746,8.982992
300027,50.64587,9.494029
302506,52.19089,10.1649685
301124,51.94069,8.046915
301221,52.125633,10.051785
302817,50.082977,8.176378
301714,52.42171,9.010101
301113,51.068348,7.911207
302717,52.059906,10.588896
302804,52.127335,7.853863
302489,52.483757,9.339868
300795,51.30171,9.237681
301554,51.77407,10.306522
300690,52.374977,9.919465
301043,52.26851,10.563283
303103,52.417255,10.545355
301636,50.884064,11.34743
301098,52.277462,9.960779
300221,52.151253,10.300761
301476,52.626404,8.019197
303092,52.26076,9.948655
303098,52.23013,9.919657
302538,52.080956,9.927624
301087,50.873466,8.864225
302818,52.34162,9.776041
300752,50.84249,7.6148815
301228,51.11566,10.13603
302391,52.01966,7.9934845
302360,52.1325,9.81043
301218,52.208836,10.053362
301751,51.6366,10.102558
302761,52.269283,11.965234
301306,51.885597,9.275998
301527,52.125633,9.93843
301313,52.09782,9.959927
301759,52.776226,7.71268
301106,51.869827,9.682011
302989,52.06093,10.143873
301631,50.52316,7.727598
301728,52.454765,10.140749
300770,51.2591,8.709675
302298,52.19089,10.470312
300605,51.867706,7.940409
300396,51.632904,9.353624
301249,50.37871,8.346699
302575,51.087234,9.198758
300292,51.952343,9.497077
301943,50.58721,7.6148815
300430,50.95116,9.017267
301469,52.327133,10.039824
302623,51.474445,9.903309
302114,49.7807,11.564642
300542,52.005512,11.0372715
300350,51.840363,8.311473
300963,52.18304,10.411467
301035,51.50669,10.204485
302757,51.737827,9.705244
302011,50.484116,11.7605295
301030,52.50602,9.630573
300802,52.16824,10.026857
302846,51.723667,9.514129
302357,52.346027,9.709108
302289,51.27353,10.086296
302040,52.251442,8.51082
302515,51.428326,9.701653
301725,52.15259,9.0665455
300391,51.851376,10.008906
301069,50.511883,7.9923596
300999,51.560047,7.9428144
300094,51.268547,10.674275
300261,52.212418,10.28424
302520,51.648254,8.718718
300624,51.935387,10.422828
302859,50.49724,12.12421
300127,50.943283,9.741427
300940,52.17233,8.991527
302628,50.45898,7.6377883
302540,52.502083,10.079348
300765,51.482613,8.983696
300990,52.23333,10.370777
301561,51.707577,9.797045
301586,51.805862,9.710207
300382,52.663944,7.599317
302762,52.17081,11.703772
301760,50.72978,7.626069
302885,51.787506,9.82779
301772,51.708206,9.845311
302671,50.496693,7.539691
302614,52.281265,10.308968
301763,51.19951,9.208017
301154,52.037716,9.997242
302436,52.523888,9.483597
303019,52.23548,10.17088
301193,52.270416,9.94313
301301,51.873028,9.743364
300123,50.597805,7.7017536
301715,51.140747,10.043302
301350,50.392986,9.900493
301316,52.111046,10.1532545
301233,51.904526,11.138793
300742,51.795128,10.761751
300859,51.819527,8.725501
301292,51.9364,8.943173
301891,51.998753,9.692535
303113,51.98809,10.037255
300756,52.431263,7.999112
302980,52.690296,7.852658
300796,51.775845,8.96952
301915,50.72759,12.270015
302622,51.960842,8.316704
302971,50.41096,7.5668206
303040,51.329845,8.359516
302563,52.33107,10.048248
301857,50.230686,7.6148815
301659,52.088028,10.088798
303131,52.167526,9.662717
300126,50.96457,10.255968
301293,50.972,8.144722
302878,51.684017,9.939167
302204,52.296337,8.910804
300106,51.880344,8.888742
303068,50.965538,7.685215
300159,51.918037,10.15167
302926,52.100956,10.052196
302350,50.941647,8.525513
302325,51.520134,7.838657
301811,51.205112,8.020369
302475,50.35064,12.077402
301220,50.87934,7.6122737
303031,51.855656,9.0906315
300873,52.19089,10.058005
300276,51.87662,8.737746
302627,52.148285,8.41777
301070,52.09704,9.1668415
301005,51.014687,9.277293
303003,51.08387,8.768591
301911,52.21951,10.167544
300467,50.551453,7.6148815
301025,50.335266,7.598011
302267,52.291847,10.04874
300380,51.546253,10.083289
300792,52.629566,7.76394
301478,52.224957,9.109909
301717,51.75263,10.028992
301253,50.382496,7.5668206
300732,52.22353,9.614915
300862,50.78642,7.7765803
302933,51.143986,8.953432
301183,52.554325,8.861491
300555,52.39496,10.083135
300049,51.771305,9.817998
301242,52.18235,9.991714
300799,52.605732,7.842292
302856,51.88318,9.7296095
302918,52.279545,9.997373
300936,52.571354,7.929079
303083,52.278233,10.067924
302966,51.19929,9.74854
301660,50.991142,9.159013
302880,51.95479,9.112236
301742,50.055668,7.6377883
300253,52.066624,10.045906
300647,52.02873,9.833133
301651,52.27122,10.0099535
300964,52.051556,10.092594
301706,51.20649,8.3590555
300996,52.163548,9.96383
302468,52.393887,11.965234
300662,50.938644,7.804587
300634,52.334286,9.817431
300955,51.19448,8.946927
301999,49.77748,10.074674
302343,50.737324,7.598011
302602,52.16824,10.081572
301866,52.040726,9.6713915
302129,51.82075,9.920716
301678,52.258415,9.987463
300872,52.318954,8.374376
301953,51.392166,9.761582
302581,52.170246,9.162045
302247,51.83787,8.918417
300527,50.581383,12.343321
303021,51.474525,8.11532
302990,51.737892,10.033395
302808,51.52905,11.967699
301207,51.343918,7.811168
300233,52.29596,10.774495
301334,50.316254,7.6377883
301695,52.2041,10.241326
300652,51.599712,9.87409
302395,51.09851,7.835788
302036,52.330433,10.140463
301556,52.310246,8.680292
302529,50.708225,7.893669
300607,52.355682,9.303473
301881,52.426537,9.388409
301456,51.37644,9.898678
301740,51.851067,9.160569
301615,51.545288,9.842745
301381,51.497288,9.019788
301545,51.912193,9.967567
302411,51.57842,8.929015
302497,51.88758,9.662348
302734,52.252064,10.17025
301446,52.15506,9.839061
301449,52.160503,9.873014
301254,52.626404,9.817795
300215,50.230988,7.8246856
301385,50.96214,8.821458
302890,50.20601,12.083888
302407,51.85401,9.500702
301750,52.228016,8.813414
302229,52.291485,7.9934845
301328,52.051437,7.769949
300192,49.80324,7.594935
300042,52.231102,10.02547
301397,51.139664,9.682327
300279,51.956993,9.5252695
302524,52.162033,8.820022
302780,52.062157,10.108324
300360,51.804478,9.478585
301352,52.110416,10.4132
300267,52.175083,9.381529
300034,50.595398,7.685799
300249,50.86785,11.99085
302470,52.186035,8.961353
300246,50.697636,7.8728805
302825,52.125076,10.024657
300670,50.308372,7.850747
303090,52.13284,8.603139
301693,52.016872,10.539621
301272,50.928032,11.983816
301901,52.10886,9.243104
302646,50.781548,7.3025637
302055,50.341682,7.6148815
300861,52.42171,9.817725
301084,52.10393,9.713237
302427,52.18235,10.087857
302115,52.128674,9.868673
302037,52.288086,10.046122
300877,52.205994,7.9428144
302558,51.232063,7.7589993
302763,52.523888,7.8755493
300630,52.10732,8.208658
301630,52.148945,10.178009
302300,52.126263,9.138464
300102,51.150063,9.725346
302711,52.626404,10.648296
302301,52.242523,9.012465
301044,52.200253,10.085937
301400,51.955906,9.616908
303134,51.16444,9.644524
301882,50.228096,7.6148815
300948,50.271374,7.767252
302428,51.02926,8.580685
302723,52.086292,10.259748
302693,52.690296,7.821189
302421,52.1444,10.121505
302654,50.359367,9.831666
301543,52.0443,9.761346
301140,51.91819,9.755552
302589,52.070675,9.686698
301100,52.283295,9.957844
300617,52.188297,10.123984
301423,52.183426,10.046458
300758,52.39146,10.500811
300994,52.419685,8.056122
301968,52.184612,9.885171
301499,51.726074,10.151498
301141,52.18235,10.351866
300645,52.10496,10.091502
300824,52.127052,9.963672
302209,51.453686,9.44298
300974,50.826805,10.7037735
302342,51.80174,10.442168
300793,52.0749,10.119029
302193,52.1621,10.243483
300831,52.057434,10.008474
300874,50.513382,7.821189
301851,52.181187,9.08173
300927,51.3491,10.195875
302297,52.304047,10.143325
301672,51.712452,9.516124
300050,52.178696,11.524117
303077,51.86692,8.582255
301322,51.66962,7.994086
300036,52.035736,10.089388
301406,52.480938,9.315724
302050,52.468838,7.760887
301880,51.02975,11.151609
300902,51.58707,9.650602
302029,51.43998,8.268728
301501,50.95059,7.7126656
301401,52.25962,9.576348
301790,52.35853,9.793614
300640,50.12104,9.780242
300443,52.17599,9.91655
300086,51.780907,9.285336
302310,52.490196,10.079348
301721,52.02811,9.463455
300784,50.640945,8.782544
301438,51.919907,10.739661
302668,50.845966,7.695363
302855,52.298546,10.189492
300556,51.425697,8.864397
303071,50.102936,8.436716
302296,51.39913,10.269539
300762,51.152996,7.5833626
301327,50.44569,7.6148815
301997,51.769222,9.614928
300568,52.133705,9.990644
302389,51.95579,9.451531
300187,52.626404,8.106937
301355,51.32231,10.384993
301170,50.499004,7.6409874
301616,52.42127,9.950035
300150,52.01143,10.697192
301854,52.18484,10.291353
301127,51.69429,10.049565
302588,52.46023,9.098319
302733,51.89373,8.661887
300656,52.18235,10.515488
300738,52.11782,7.7305746
302746,50.474606,8.211821
300909,52.03102,9.936572
301088,50.217743,12.371407
302915,52.524166,8.800681
300434,52.25582,10.291633
302352,51.740025,10.045997
300181,52.44149,8.290759
300850,51.938297,10.133924
301479,52.224957,9.946215
301601,52.442993,10.226142
300469,52.690296,7.71268
301311,52.523888,11.459889
301359,52.168957,10.042901
302958,52.402664,9.049781
300307,52.374256,10.2949
302665,51.998753,8.98333
301191,51.750916,9.071505
302600,51.627808,8.328815
301956,50.680233,11.942786
300410,52.285,10.047561
301041,52.0892,9.804332
301535,50.42062,12.160907
302786,52.14907,10.800576
302853,50.614346,7.771826
300118,52.12244,9.620727
303054,51.912773,10.172416
301347,51.387203,10.041336
300721,50.95116,7.788448
301404,51.299942,9.977881
302946,52.038197,8.658431
300299,52.583965,8.2927475
301663,51.367165,7.5808396
302314,52.188988,9.4854765
300077,52.20676,9.815988
300032,52.123493,9.798983
302003,50.537987,9.6925335
303129,52.32007,9.985138
301223,51.827366,10.000707
300635,52.61559,7.76394
301515,51.80265,9.556841
301104,51.25644,7.984904
300881,51.977287,8.571838
302765,50.595554,11.984245
300941,50.47019,11.461384
300561,50.46586,7.6314235
300207,52.286003,9.922445
302593,51.750916,9.873286
301658,51.762222,10.028992
300789,51.06811,9.665022
300151,52.358574,9.541803
300302,51.394104,7.8693557
301963,51.066544,9.410015
302180,50.999218,9.219284
301697,50.52108,9.049523
