id,lat,long
300121,51.99965,10.270553
302441,52.09167,10.188808
300266,50.427513,7.6215453
300911,50.91124,10.609134
302681,50.8545,7.6215453
301610,52.12031,10.136436
302875,50.341824,7.659076
302261,51.911686,8.385338
302365,52.011715,10.504205
300709,52.24378,10.084169
302304,51.126617,8.089441
302731,51.27402,8.559763
301055,52.14952,9.688753
301310,51.784245,8.963163
300273,50.465984,7.6215453
302038,50.643936,9.838938
300116,51.475758,7.764347
302736,52.26441,10.026093
302891,52.062813,10.761023
300583,50.581837,11.612393
302725,50.500145,7.7024984
300451,51.20654,7.8113093
302203,52.181538,9.94125
301216,50.677692,8.934508
300741,52.271965,10.485464
300827,52.088646,10.182554
302900,50.69695,11.203444
300186,50.14476,7.7024984
300588,47.404083,9.736995
300680,52.02697,10.183241
303070,51.73746,11.402303
300088,52.175823,9.673448
301741,51.841125,9.742327
301474,52.17796,10.241582
301028,51.686573,10.001154
302938,52.574997,7.8139243
301436,51.89121,8.412851
300937,50.647163,7.643265
301177,50.897995,7.901233
302073,51.36076,9.133562
302863,51.91822,10.055121
301621,52.369328,10.178933
301779,51.69648,9.654798
301033,50.407825,7.5362625
300062,51.86373,8.023324
301922,50.87022,7.7520757
302418,50.772964,8.7176
302896,52.204044,9.841466
302641,52.161655,9.267555
302249,51.368618,8.341627
302776,51.956352,10.111955
302138,51.837452,9.193015
300489,52.30849,10.071117
302987,52.648003,9.350203
300184,51.87159,10.170711
301485,52.27688,10.440157
300004,51.966133,10.475707
301341,51.748962,8.809271
300673,52.36024,10.166036
300100,52.130116,10.111728
301491,52.24378,7.873158
300392,52.272,9.582895
303075,52.172234,10.0131235
302942,50.85027,7.766113
301074,52.195595,9.829564
302142,52.089287,9.998508
302130,52.243645,10.043984
303114,52.0301,9.601035
302330,52.14658,9.534418
300982,52.353085,10.077981
300620,52.55616,11.022496
301270,52.215504,10.2506895
303119,51.823784,10.024748
300227,52.24378,9.429415
302739,52.350727,8.195348
302949,52.339344,9.477807
302137,50.52858,7.807745
303063,51.012188,9.822143
303038,52.172234,9.688487
300658,49.021793,7.9004307
302533,51.73026,8.43824
303110,51.7407,7.889773
302054,51.161316,10.063026
301800,52.38862,9.799937
300401,50.847775,10.183902
302769,50.916195,8.398878
301175,50.874947,7.7024984
300943,50.4355,7.7520757
301472,52.10331,10.092391
301107,52.074265,10.061685
302636,51.938564,9.836986
301777,52.503616,10.154005
301865,52.011715,10.289293
301137,52.62008,8.063292
302174,51.989006,8.928601
301340,52.241047,10.304814
300180,52.249493,10.134778
301417,52.204044,9.795941
300406,51.89237,10.18303
303042,52.23171,10.481502
303011,49.878273,7.6215453
300028,51.982746,9.66404
301770,51.337654,10.073316
300055,51.880016,9.439107
300899,51.816902,10.298318
302735,52.194416,9.518233
302562,52.34357,10.144471
302302,52.264046,9.761191
302472,51.2139,9.577571
302033,52.26165,9.374077
301576,51.83573,8.095049
300324,50.668816,7.6215453
302877,51.774666,9.676438
301303,51.648712,9.395251
302611,52.23171,10.118897
302495,50.73603,8.805874
302503,52.13477,10.21462
301475,51.655952,9.395813
301447,51.651257,9.305842
302643,51.907715,9.261827
302295,52.694736,8.441429
302215,52.453964,10.057151
302960,52.114597,9.197237
301962,52.157276,10.279829
303062,52.334248,10.233601
301548,50.759068,8.557191
300919,51.398746,8.239353
300537,50.61616,8.018727
300129,51.59842,8.766556
300204,52.289654,9.397564
302257,52.36024,10.115726
303002,52.24378,10.061685
301704,51.98007,9.897317
302873,52.24378,10.183953
300179,51.849747,9.236301
300067,51.874115,9.136005
301791,52.00441,10.217255
300625,52.55616,8.362686
300702,52.15999,9.434156
300878,51.25105,9.413507
301558,51.98755,9.63786
300189,52.315647,9.731289
301815,52.12165,10.916485
302690,52.272,10.040022
302795,51.551052,9.812582
301437,52.151,8.991186
302462,52.510155,8.270639
301837,50.50876,7.8113093
301939,52.626804,8.047995
300046,51.982285,9.812036
302030,52.200962,9.824086
301296,50.769146,7.643265
301281,52.47878,7.7024984
301931,52.129982,10.134047
302586,52.197777,10.227021
300660,49.86035,7.764347
300836,52.120354,9.993509
302536,52.199184,9.118724
300611,51.637886,10.290252
300576,50.635822,7.4483256
302841,52.196453,11.536822
301647,52.34357,11.671984
301802,50.645794,8.039581
302857,52.05176,10.053213
300435,51.125965,8.481985
302185,52.153183,9.908816
301981,52.315647,9.601464
300871,51.7207,9.55847
301166,51.815235,10.374282
301932,52.133354,9.383788
300801,52.204933,11.468577
300991,51.99012,9.621077
300485,50.863922,9.626942
300031,52.17091,10.040022
300239,51.869366,9.725817
301555,52.410645,9.477987
300720,50.581615,7.7426276
303017,52.199184,8.820093
300848,52.30849,9.262793
301047,51.84319,9.802812
303108,52.058853,10.073316
301542,52.010445,9.985903
302561,52.065056,10.159861
301995,50.595444,7.7024984
300794,52.365955,9.874984
300707,50.665985,10.201636
300623,50.776497,7.873158
301511,51.974064,9.964928
300218,50.646416,7.979614
302124,50.670437,11.764346
302057,51.559555,9.824615
301965,52.045174,10.212196
300354,52.199184,8.387329
301372,51.54215,9.032123
301969,52.199184,8.218916
301976,51.82547,10.416921
300696,52.060535,10.391821
300119,51.75216,8.755637
302789,50.72816,8.228437
302226,52.103054,9.002295
300771,51.725277,8.095049
300068,51.46036,8.888693
301297,52.135216,9.4032755
302596,52.079483,9.4032755
301498,52.02697,9.865665
301774,50.95439,9.78962
302113,51.96087,9.938774
301366,52.279842,10.102282
301473,50.22405,7.6215453
302092,51.714268,9.84918
300185,52.62008,7.643265
302291,52.095413,8.482889
303080,52.24864,10.263931
302957,51.4274,9.964105
301731,52.063618,10.072805
302477,50.7569,8.988668
301408,52.16307,10.704385
301966,52.24378,8.695029
302783,50.79678,7.873158
302162,51.91272,9.725817
301206,52.582153,10.2040415
301007,50.966316,8.32272
302157,52.153984,10.203243
302775,52.14014,10.066362
300786,52.106083,9.684958
300812,51.90234,11.789783
302798,51.995434,9.745169
302913,52.124565,9.712791
302102,52.369328,10.05003
300791,50.578594,7.720637
301692,51.76722,9.97813
302082,51.80172,8.303273
302085,52.13024,10.485464
301181,51.613377,9.043522
301948,52.238865,10.104718
302208,51.942684,9.187211
300978,52.17658,9.827955
300379,52.2347,9.863505
302236,52.111797,9.862291
300773,52.105526,10.180692
300300,52.12031,9.837134
300230,51.679794,9.082493
301360,52.648003,7.7024984
301018,51.937965,9.1879425
302652,52.490204,7.764347
302361,52.38235,9.131692
300002,50.899696,10.5625105
301635,52.091034,9.975748
300545,52.44561,10.689926
301937,52.088356,8.596026
302727,52.350727,9.762866
301541,52.084995,7.9640903
301709,52.218613,9.424201
301467,51.8602,9.79859
300222,52.199184,9.71528
301516,52.282593,10.481502
301923,51.193115,8.445557
303024,52.195274,8.131983
301422,52.241047,9.843117
302555,52.219814,10.060836
300468,52.1284,10.293694
301783,52.184177,8.911976
302000,52.382427,10.150993
300301,52.44967,11.599766
302344,52.19922,10.266688
302311,49.989227,7.425293
301947,50.559895,12.04037
301620,52.075092,9.739657
301050,52.011715,10.215776
300825,52.286022,10.010859
301805,52.272,11.388664
300585,52.369328,10.073472
302848,52.14014,10.363352
301259,50.38376,7.643265
301673,52.187313,11.265807
302832,51.863438,9.963683
302150,51.868702,9.878134
302402,50.651043,7.845152
300975,52.079483,9.739635
301957,50.651535,8.734214
302862,51.85551,10.0131235
301188,52.017307,10.084609
302316,52.648003,7.7520757
301809,52.34387,11.93001
301096,51.78371,9.993455
302182,50.449734,11.874706
301252,51.30729,9.078608
300112,51.125103,8.559741
302904,50.29819,7.643265
300198,52.2009,10.078265
301305,50.455555,7.643265
302410,52.43061,9.897745
301523,52.24378,10.198514
300209,51.089634,10.064609
301827,50.998287,8.195348
301562,52.123085,9.2120905
302793,50.69207,9.004945
301852,52.20345,9.915509
300506,51.703007,9.689835
301427,50.493057,7.873158
303018,51.595184,10.479311
302333,51.60981,10.3477335
301874,52.23662,10.266688
301879,51.019928,9.400438
300306,52.11947,9.77366
302207,50.94891,8.063292
301824,51.839493,9.959769
300722,52.15586,10.045586
302025,51.403618,8.441256
301528,50.98164,8.561661
303104,51.884754,9.55847
302449,51.96024,9.977333
302676,52.02138,9.667809
302383,52.418545,8.095049
301172,52.106083,9.202008
300432,52.3051,10.279829
302631,52.27816,10.163988
302710,52.22122,7.8139243
302778,51.839493,10.112575
300992,52.388165,7.8113093
302842,51.2504,9.661996
300423,51.599464,9.888068
302997,52.504417,10.481502
300426,52.083065,10.025592
302107,52.02118,10.411524
301178,51.595184,8.999994
300355,52.04328,9.927562
302481,52.15039,10.081708
300550,52.4257,10.00128
301321,52.334248,10.0695095
301863,51.36308,8.029636
301056,52.19427,9.669156
301925,50.407825,7.6215453
300114,51.811054,8.1643505
301264,51.447037,8.862783
302935,52.15967,10.963288
302656,52.443954,9.513078
300562,52.243725,10.039896
301755,52.356167,10.414637
300674,52.173607,7.7520757
302919,50.394077,7.663674
303014,52.18264,11.747432
301622,51.685246,10.303778
302404,50.647163,7.873158
302663,52.000248,10.253401
300073,51.204594,8.7074175
300672,52.272,10.199572
301038,52.070526,9.813857
301097,50.897995,8.7074175
300024,49.878273,7.6215453
301308,50.570374,11.707109
302691,52.490204,10.058303
300505,51.079697,10.055928
301122,51.7356,10.025592
300681,52.373352,9.679031
300139,51.53174,11.593446
300522,52.197777,10.999058
301830,51.779873,10.036937
301508,51.63729,9.48362
301095,51.533752,10.486674
301540,51.938858,9.517254
302962,52.177948,10.293694
301933,52.26481,10.129508
302473,50.753723,10.4947405
302118,50.90477,8.955928
300240,51.597317,8.122074
302903,50.58839,8.220927
302370,52.050575,9.515905
302800,51.848366,10.55053
302544,51.1381,9.437121
300444,50.396175,8.706465
302667,52.19427,9.674464
302388,51.721222,9.569704
301108,50.91123,10.028993
300149,51.859833,10.903728
300570,52.195595,10.296886
302171,52.255085,7.8619103
302169,51.814842,10.190797
300661,50.52858,7.680779
301460,51.4889,10.238421
303107,51.77898,9.157206
300011,52.14159,10.28875
300206,50.23578,7.873158
301604,51.930603,9.507245
301990,52.36024,9.985903
300006,52.1855,10.293694
300744,52.369328,9.5235
301860,51.954777,9.91721
302282,52.159943,9.604729
301240,52.140213,9.357961
302929,51.595184,9.495746
301565,52.15082,8.049844
300130,52.20131,10.003544
302046,52.176624,10.111655
301354,52.420925,8.019581
300730,50.55244,8.077511
300622,52.334248,9.831518
300454,50.49683,11.994525
302117,52.1783,9.9217205
300644,52.24378,10.078626
302125,52.369328,9.357961
300845,51.911957,9.673867
301323,50.700565,7.720637
302584,52.490204,8.046949
302888,52.15813,10.180625
301657,52.19152,10.609927
300539,51.956676,10.034686
302603,51.88206,8.095049
301839,50.69997,7.901233
300938,50.407825,11.764346
302225,51.986786,9.67157
300944,50.59931,7.99555
300679,52.23662,9.65564
301002,50.911423,8.542104
301160,50.58839,7.6215453
301530,51.944977,10.014622
301250,52.04975,7.7702746
300455,52.19653,9.680277
300074,51.964283,8.890107
300813,50.394077,7.6215453
301722,50.728237,7.490788
302541,51.966133,10.261189
302482,52.31568,10.4947405
301375,52.13909,9.353215
302721,51.987988,10.156441
301806,52.193188,9.714696
301608,52.648003,7.7520757
302819,52.294598,11.233771
302064,50.762596,9.385017
300065,52.221344,9.457066
300593,50.785236,7.680779
300225,51.931355,10.380304
301524,51.703568,10.091172
300864,52.133354,10.072805
302490,52.13477,9.881681
303130,52.044632,10.1310005
302079,52.217785,10.064334
300581,51.060677,10.092829
302098,52.27688,10.076138
303005,48.93172,8.079912
303078,51.705776,9.160565
300757,52.16227,8.9292345
302861,52.63032,8.023324
301045,52.163868,10.191744
302785,52.011715,9.83204
302965,52.15039,10.237476
303065,52.12031,10.835427
301363,51.969704,10.0695095
300140,51.350773,9.160616
302796,50.518604,7.6885257
302094,52.111797,9.455536
300297,52.646984,10.398261
300408,51.163593,8.196679
302034,52.177948,10.039615
300832,52.12021,9.877789
300860,50.645794,7.643265
300075,52.199184,9.52912
300264,52.24864,10.212772
302566,52.13276,9.837586
301804,52.199184,10.281867
303030,52.17322,9.825117
302294,52.111286,9.860423
300575,50.79336,7.7520757
301150,52.217785,10.718059
302413,50.294754,7.7520757
303015,50.81696,9.608295
302930,52.24378,9.560854
301495,52.39532,9.637118
301094,52.2347,10.125146
301049,52.210526,10.270553
301941,52.574997,7.869025
302433,52.498703,8.649598
300331,50.561928,7.6989174
300578,52.272,10.131343
301825,51.756355,10.144756
301454,51.348473,10.071638
302500,51.843845,10.00128
300135,50.521805,7.7520757
301572,51.883266,9.507274
303028,52.119938,8.454671
302214,52.64814,7.682493
301607,52.404858,9.357864
301986,51.643417,8.648744
301238,52.353085,9.774635
302218,52.36024,10.061685
302136,51.814987,9.962641
302759,51.63285,8.718745
300188,51.09953,10.154424
302692,52.19427,10.1552515
301892,50.63105,7.7024984
301518,52.153183,10.1908245
302394,51.85528,8.188402
301493,51.93031,9.925905
301299,52.238865,9.7050905
301285,51.39214,9.412549
300998,51.385365,7.823976
300596,50.625492,7.6215453
300921,51.403618,9.91355
302088,51.257854,8.954246
301032,51.848003,10.106066
302499,52.195595,10.5990715
301553,52.19913,9.480854
301276,51.7489,10.039029
302657,52.362717,10.741584
302659,51.631702,9.5024
302781,50.407825,7.957911
302275,50.37154,8.179697
300769,51.966118,9.547506
302806,51.5116,10.164825
302511,51.975925,10.347755
301642,51.523895,9.272753
302070,52.24378,10.385724
300826,51.65019,9.744552
301688,52.408142,8.051338
300838,51.834213,10.576556
302155,51.58855,10.029603
302773,50.28539,7.8966265
300289,51.390438,10.144756
300213,52.19583,9.188298
302400,52.238865,7.933483
301394,52.34357,10.916485
302619,50.504116,7.643265
301431,50.92227,8.76131
302239,52.046665,11.148097
302223,52.172234,10.53764
300913,52.196533,10.481502
302308,51.711266,9.4428005
300512,52.177948,10.145126
301291,50.5439,7.680779
302323,52.311813,9.132283
302660,51.459858,8.61834
302534,52.07278,9.962745
300901,51.722496,8.624238
301068,50.47642,7.7024984
301831,52.13477,9.918346
300263,50.869175,11.494953
302827,52.10164,9.348655
300411,52.25017,10.086508
301071,50.49611,7.680779
301955,51.85746,10.049715
300217,49.09946,8.501712
300997,52.13094,10.082701
302550,52.23498,9.215387
301537,52.2347,10.136
300985,50.89899,7.8294477
302577,52.62008,9.912854
301017,51.906517,8.51603
301332,50.759357,8.682354
301876,52.30849,7.7520757
301602,52.107414,9.41024
302607,52.162155,11.430229
302221,52.238865,10.132831
302549,52.729816,8.336363
302126,52.201366,10.440072
302217,50.407825,7.6772146
300735,50.408623,9.901054
300493,51.866257,9.236301
302093,52.26932,8.677897
301803,52.113728,9.395011
300510,52.2049,8.544391
300418,52.13477,9.382253
302955,50.1976,12.04037
300487,52.20131,9.813638
302494,51.381165,10.090763
300541,52.315647,10.4799385
300714,51.063473,7.8244615
302939,51.944977,10.323408
300748,50.482357,7.764347
300054,51.98354,9.479568
300066,50.561928,7.643265
301507,51.480644,8.318123
300814,50.879623,10.025592
301902,52.241974,9.925002
301598,52.334248,10.190533
302339,52.130238,10.504205
301289,51.76265,9.655965
302504,52.24458,10.264725
301132,52.176624,9.972238
301021,52.412254,7.889773
302028,52.133354,10.092641
300554,52.113728,9.426392
301114,52.054367,9.477807
302059,52.215504,8.864523
302684,52.222893,10.316026
302707,51.6724,9.531065
300775,52.080082,10.611529
300754,51.1262,9.357864
301589,52.176544,10.152856
302192,51.930508,8.239191
303064,50.561928,7.680779
302542,50.835125,10.217514
300764,52.574997,10.5625105
302901,52.550846,8.184727
300612,52.195595,10.359021
301862,51.8691,8.216988
302886,51.17536,7.873158
300984,52.506092,7.7503743
302996,52.175823,8.062841
301867,52.195595,10.082701
302699,50.55637,7.680779
301985,52.238415,10.933904
300417,52.011715,9.957882
302096,52.43061,9.834933
301634,52.175823,10.270479
301703,52.34715,10.193308
302416,52.26932,8.095049
300615,51.403618,9.745169
301198,51.12016,8.799184
303084,50.561928,7.6215453
302516,52.038033,9.638692
300368,52.081867,10.041244
303007,51.587852,7.788011
302675,50.226143,7.643265
301229,52.07155,9.612982
301217,51.882763,10.11024
300779,52.03422,10.136267
300419,52.227318,7.818558
301810,52.22613,10.123449
302464,50.850475,9.477028
300806,51.816975,8.840334
301582,51.393253,8.556013
301392,52.007195,10.481017
302359,51.20112,9.962641
302151,51.59073,9.603123
300182,51.928417,10.120472
302422,50.489132,7.8742495
302303,52.14658,10.169593
302228,51.398243,9.984334
300039,51.90245,10.218312
302502,52.15208,10.09467
302149,51.89719,10.295903
300880,51.931206,10.0483675
301573,50.679447,7.873158
300726,52.172234,8.241731
300923,50.407825,7.6215453
302661,52.18726,7.7520757
300172,51.03743,7.7024984
301338,51.531025,10.029375
301513,52.011715,10.432985
301708,52.369328,8.063292
300362,52.101418,9.8756
302103,52.205723,9.372815
303023,50.8807,9.067693
300525,52.49482,10.024542
301859,52.594086,7.873158
301886,50.346485,7.680779
302858,52.199184,9.700955
301696,52.315647,10.123368
302072,51.41094,9.990604
301480,51.260826,8.723462
300548,52.369328,10.053213
302190,50.23578,7.643265
301873,52.093998,9.970642
300894,51.29259,9.65024
301606,51.345318,9.647063
300639,52.19427,9.997602
302595,52.24378,9.160616
300274,52.222893,9.924558
300866,51.403618,9.925002
302698,51.401558,9.551316
302476,50.87643,10.0550585
302677,52.177975,10.083586
301655,52.24378,10.13416
301121,51.985283,9.1925745
300107,52.24596,10.142721
300314,52.202435,9.915509
301388,51.814842,10.30587
302111,51.403618,9.302788
301967,52.272,9.7649975
300199,50.617275,7.643265
301339,52.22122,10.150808
301162,52.004257,9.631049
300009,50.618717,7.720637
300340,50.600502,9.061668
303057,51.910233,9.573299
301724,51.69753,9.827955
302591,51.85746,10.111399
300224,52.201366,10.111955
303138,52.133354,10.004255
300889,51.98601,9.801464
300928,52.204044,8.953211
301682,51.995117,10.133471
301761,52.267086,10.549319
300507,52.109184,9.882983
302576,51.441605,9.185765
302424,50.611565,8.168505
302513,51.556942,9.536375
301398,51.868702,10.115828
300223,50.91863,10.653474
301487,50.407825,7.7024984
300776,51.83897,9.028398
302852,52.094257,10.108558
302437,52.523304,10.125146
302063,52.18726,10.068296
301265,52.498703,10.027645
302522,52.369328,9.202008
302280,51.33758,10.033782
300925,52.12366,9.546954
300275,51.738663,9.626089
301147,51.8077,8.227995
302560,51.403618,10.165256
303049,52.18354,10.139873
302415,52.133354,10.506774
302451,50.92227,8.752807
303072,50.493057,7.643265
301539,52.36024,10.04665
300669,52.124073,9.611319
302893,52.00952,10.481502
301302,52.199184,10.178933
300697,52.084633,9.468314
302195,51.727863,8.820093
300168,52.011124,8.429413
302362,52.334248,10.367606
302826,51.77898,11.284193
301841,51.659073,9.338543
301661,52.574997,10.206326
302258,52.62008,8.017117
301275,52.136154,10.866738
301434,52.246254,11.839275
302065,52.430367,8.818571
301034,52.25432,10.453952
302951,52.234585,9.0176325
301853,51.846428,9.14984
303096,51.88712,9.536922
302367,52.62008,10.32157
301463,52.37405,9.628306
300250,51.61745,7.643265
301526,51.074493,10.877428
302273,51.674267,10.372212
302112,50.933212,7.7024984
301149,51.66655,9.206429
302276,51.644867,9.371164
300631,52.142323,7.873158
301832,51.79022,8.140934
301984,51.496876,8.544328
301349,52.011715,10.161446
302265,52.143806,11.08344
300804,50.359097,7.680779
302889,52.12764,10.181264
300973,50.82919,7.764347
300120,50.743294,7.7520757
300259,51.079697,12.279441
300557,52.36024,10.546922
301838,51.857456,9.719989
300023,52.070526,10.562447
302973,52.161995,9.321321
302953,50.830196,8.707527
301617,51.30729,8.023324
301432,51.13857,7.680779
301029,50.224106,7.6215453
302066,52.130116,9.628306
300211,52.272,10.0749235
302058,52.131626,10.270292
300014,51.662098,9.038646
301290,51.985836,9.522029
301798,51.98001,10.27172
300666,52.19152,10.136
302163,51.93892,10.237152
301189,52.238865,10.2040415
300361,50.783634,9.197645
302986,51.79347,9.918346
301828,50.635353,11.767496
302032,51.417,8.84244
302305,51.998672,9.525387
301870,52.38051,8.843461
300942,51.788017,9.250511
300621,51.994717,9.270321
301849,52.157276,10.282136
300718,51.814842,10.043938
302393,51.972908,10.77085
300056,51.806885,9.355522
301856,52.18821,10.089825
302456,52.13415,9.468318
303106,51.951973,10.03087
302328,52.0185,10.5565815
302498,51.30935,11.197792
301186,52.389393,8.874646
300753,52.315887,9.1925745
300533,51.811382,8.152969
300725,50.24201,8.228437
302056,50.80592,7.5182185
301269,52.039375,10.2040415
302613,52.15564,11.443305
300653,50.561928,7.933483
302230,50.716034,7.873158
300833,50.46215,7.398139
300858,51.798115,8.023324
300972,50.65698,8.095049
302645,52.388165,10.142161
300760,51.799683,10.264283
300678,52.294243,10.259381
302002,52.629166,7.8113093
302212,52.172028,8.903777
303109,52.13477,9.01516
302165,51.863525,7.933483
302255,51.34828,9.422303
301210,52.192062,8.672239
301713,51.836052,9.634962
301138,51.23769,10.411719
300202,51.620728,8.656754
300717,52.047756,8.375844
302306,51.08502,8.095049
300961,52.315647,8.095049
302144,52.01856,9.265172
300470,52.032536,10.561887
300052,51.72284,9.950671
301769,52.121624,9.724526
301633,51.812252,9.747816
302638,52.23203,10.825017
300932,49.418953,9.396684
300524,52.01778,8.150042
300412,51.633614,10.105414
302188,52.15813,10.185646
301133,52.222492,10.310961
301135,50.80415,7.598261
301246,52.334248,10.429903
300214,52.130474,9.4807825
301946,50.259277,7.720637
301163,52.220417,9.48362
300745,50.767464,7.680779
301936,52.37351,11.481093
301239,50.98278,10.091172
301058,50.284634,7.643265
300372,51.827156,9.205706
302069,52.008476,8.784401
300883,52.24378,10.481502
302948,51.747868,10.178933
301428,50.407825,12.04037
302635,50.63105,9.914354
302932,52.436325,10.296138
302845,52.16973,7.8113093
300691,52.133354,9.443181
302597,51.90104,9.011041
302750,50.679565,7.8113093
301165,52.067066,10.072805
301611,51.794403,7.869025
302559,50.52027,11.145191
300971,52.201412,9.956521
302702,52.36024,10.510736
300104,50.31678,7.680779
301686,52.027737,10.126771
301079,52.113728,9.648535
302445,51.93261,10.050724
302803,50.610214,7.680779
300686,50.427513,12.04037
300278,51.968716,9.673775
302491,52.24378,9.264165
303121,52.038033,9.824661
301267,52.062813,9.661996
300597,51.117558,8.8637495
301944,51.77461,9.414334
302061,52.372887,10.200289
301471,52.172234,10.101953
301988,52.369328,11.263477
300852,52.06644,9.930815
300844,50.92227,7.7024984
300600,51.9457,9.849072
303048,50.96716,9.849072
300808,52.574997,7.921144
300325,51.97687,10.186141
300797,52.24378,10.194551
301067,50.065308,7.643265
302650,50.59203,7.643265
303094,51.73746,9.272073
300005,51.96087,10.0131235
301982,51.1815,8.490536
301494,52.052364,10.475707
300983,52.26441,10.0483675
301998,52.382904,11.443305
302147,50.716515,10.584365
302539,51.694668,8.401661
300475,51.98042,10.597515
300476,52.121468,9.724526
301521,51.008957,7.643265
303013,52.248165,7.6720343
302670,50.911278,10.048493
301850,52.133354,8.976544
302994,50.55637,7.7024984
301883,52.062443,10.208848
302060,50.28343,7.6215453
301974,52.238865,8.989655
301274,52.12764,10.125146
301560,50.824776,9.887387
301920,52.271965,10.035749
301730,51.652958,10.260922
300142,51.293472,7.928259
302454,52.123066,10.437096
300294,52.180637,9.878844
302993,51.35287,8.023324
302612,52.0542,10.047824
301637,50.89845,7.6215453
300904,51.401558,8.318825
300308,51.833233,9.882485
301266,51.566917,9.700499
301286,52.45526,9.088433
300348,52.1498,10.048854
301144,50.848362,7.6989174
301158,51.187527,10.103142
302455,51.670135,9.337811
301268,52.13909,10.147891
300366,52.205334,8.864657
302944,52.12764,9.921381
300103,52.172234,10.053213
301989,51.863438,9.456325
302758,51.90245,8.46518
303051,52.215504,10.182896
300483,51.089436,11.872696
302732,51.36559,8.2953
300818,51.9182,9.876434
300323,51.996727,8.747283
303056,51.74816,7.873158
302430,50.655018,7.643265
300464,52.429485,9.816018
302579,52.370518,8.077511
301405,50.700565,7.643265
302664,52.20131,10.396627
300876,52.12764,8.853197
302219,52.130116,9.859853
302353,50.549137,7.901233
302256,51.758602,10.113922
300431,50.77681,10.026876
300424,51.301044,9.057571
300069,50.455555,7.643265
302689,50.824554,8.879754
300017,50.955788,9.629654
302838,52.00672,9.753847
301584,50.88268,8.759718
301600,52.175823,8.808512
301484,51.61292,8.287229
301477,52.110996,8.40222
302369,52.084995,8.988622
301711,51.987785,8.890107
300173,50.650536,7.8294477
300834,52.080082,9.891313
301131,51.996727,9.714696
302248,51.658344,9.701505
302156,51.326218,9.209488
302146,52.597095,8.309029
301503,52.194416,10.178933
302801,50.224106,7.7024984
303052,52.094036,9.911372
303101,50.22405,10.296135
302471,51.868935,9.725014
302345,52.15586,10.040022
301752,52.15503,10.183276
302246,52.009487,10.051866
302892,52.199184,10.481502
302777,51.744946,9.95093
300178,51.83084,10.512013
300242,52.365955,10.068296
301840,52.16291,9.270321
301628,52.131626,10.188014
301679,50.630848,7.643265
301991,51.34474,9.1879425
301918,52.19913,9.658792
301012,52.02259,9.752611
302231,52.241047,9.477682
300654,52.219814,10.204063
300865,51.8281,8.983543
302307,52.17082,7.873158
301700,51.865177,9.663986
302284,52.334248,11.083853
300257,52.65471,7.7877812
302556,52.23662,10.100605
301093,51.91938,9.501568
300723,51.97948,8.7282505
302187,51.639534,9.37817
301185,51.52577,10.257019
301794,51.914536,11.847972
300917,52.388165,11.141969
301643,52.12433,9.106131
301669,52.217785,10.09467
302594,51.804237,10.4947405
300044,52.046047,9.9619
302041,52.15813,10.292647
302753,52.385784,7.7024984
302363,51.901176,8.495369
301609,51.76412,9.703681
301379,52.490204,7.8139243
300837,51.45593,9.966659
302653,51.865925,9.5046835
303022,52.02788,9.185663
300445,51.801113,10.297485
302770,50.45911,11.995068
300840,52.442062,8.986163
301536,52.36024,9.269622
302238,52.199184,9.350203
301337,52.648003,8.387329
302349,50.235073,7.643265
301993,50.82919,7.6885257
302834,52.199184,10.33759
300536,50.697464,7.720637
302172,52.140907,8.865291
300551,52.38862,11.443305
301538,52.0301,10.055928
300236,51.646797,11.150763
302747,50.514877,7.5362625
300195,52.490204,10.192459
302376,52.24378,8.637275
301418,52.15586,10.044109
300377,50.399498,7.643265
301756,50.783634,8.840792
302737,52.124073,9.452651
301117,52.68758,7.7702746
300706,51.921207,9.651823
301022,50.491463,7.7520757
300064,51.906982,9.606839
301737,51.403618,9.3084135
301597,50.455563,7.7051134
302928,52.190376,8.125804
302590,51.61539,10.296116
302077,51.095055,9.261067
303133,52.173386,10.0483675
300404,52.199184,9.713348
300376,52.204266,11.532875
300882,52.315647,9.275072
300935,51.90245,10.350105
301506,52.353085,9.966929
302512,51.9322,9.811502
300061,51.882267,8.369059
302166,52.24378,10.582369
302081,52.223816,10.14544
302816,51.19763,9.24798
301085,52.13477,9.881681
300329,52.196228,9.4032755
301395,50.627113,7.6215453
301386,51.81748,9.502581
301719,51.66888,9.798369
302016,52.121872,9.067693
301015,52.339962,7.7024984
301260,50.57759,7.643265
300247,51.9264,8.818584
300022,52.08034,8.786809
301729,51.75672,9.6332445
300101,52.369328,10.3497
301123,52.68338,8.799898
301089,52.08458,10.059915
301320,52.04531,9.622494
302134,52.152058,10.064334
300183,52.315647,10.51187
302714,52.192028,9.808665
301441,51.21937,9.662493
301048,51.785007,8.88712
302532,50.803352,9.039621
300234,51.8185,10.215776
301694,52.15586,10.146128
302514,51.300903,10.109378
301060,51.933727,10.457714
301157,52.646984,7.8113093
301110,51.799683,10.014471
300986,50.63105,11.982379
301399,51.806736,10.438848
302414,51.72497,8.7176
301300,51.151604,12.146122
301626,50.625492,7.764347
302567,52.65516,7.643265
302288,50.60239,7.643265
301361,51.78815,7.867469
301788,50.61656,7.643265
300328,51.974064,10.212695
302854,52.1689,10.045206
300687,51.910233,10.032051
301676,52.13909,8.019581
301003,52.00523,9.85391
300949,52.34357,7.8113093
301205,52.14658,10.136
300260,52.129665,9.45854
303037,52.23441,10.26659
300906,52.1498,10.811637
302440,51.21211,10.7053795
301280,52.24458,11.095606
300841,52.369328,9.8037405
303128,51.98042,10.512013
302851,51.18441,11.1497
302644,50.79678,8.574354
300134,52.388165,10.001383
300465,52.34357,9.990604
301182,50.469856,7.643265
301325,51.974064,10.225359
301415,52.16492,8.085527
300749,51.63693,8.201399
303124,52.13477,10.009854
300586,51.747868,9.400438
300945,52.272,10.188385
302626,51.05311,9.547506
301470,51.204388,9.116052
300959,52.054367,8.210899
302572,51.88853,10.005261
302012,52.31088,10.089416
300429,51.252766,9.640775
300572,52.19807,10.166621
300170,50.63425,8.342004
302809,49.17064,9.353571
300629,52.098583,8.880242
300336,52.13477,10.385313
300079,52.111797,9.280011
300567,52.195595,10.509711
301078,52.20131,10.075307
302068,52.36024,10.308447
302496,50.716812,7.7024984
302788,52.179222,10.308266
302799,52.228695,10.375103
302091,52.2199,8.828226
302501,52.093544,9.667809
300437,52.487465,9.221489
301231,52.14036,10.057521
302329,52.648003,10.036386
300141,52.153477,10.798534
302998,51.416203,10.122637
302975,52.24378,8.890464
301921,52.16599,10.372212
300613,52.15586,10.385724
300768,52.22744,10.089416
300219,51.85346,9.531979
301102,52.272,10.011318
301053,52.031544,9.747775
300492,51.879463,9.959769
301234,52.20002,9.932361
301512,52.24378,9.900485
301176,52.322037,9.845192
300954,52.300842,10.1546335
300867,51.982746,9.248148
302100,50.407825,7.764347
302730,52.238865,8.580171
302927,51.34951,9.480464
300520,52.436325,10.730243
302385,52.12764,9.873291
301517,51.57241,9.843082
301483,51.839493,9.660963
301486,52.20131,10.194551
302917,52.177948,9.002827
300161,52.129055,8.978074
301671,51.73631,9.896327
300774,51.446854,10.397253
300414,51.7839,8.766556
301214,52.39532,10.646624
301813,50.454243,7.7024984
301792,52.192062,11.586586
301639,51.987965,8.848261
300659,50.63105,7.764347
300117,52.30849,10.5062065
301716,51.819378,10.073316
301284,51.466633,10.063261
301592,52.106083,10.129508
300474,52.17091,10.204996
301118,50.58526,12.04037
302133,51.618958,8.648294
300504,52.551525,10.551267
300433,52.195595,10.080296
301914,51.809723,8.227995
301585,52.074455,8.995709
302616,51.6287,9.645855
302148,51.963734,9.684818
300655,51.826366,10.012762
301945,52.15586,10.194741
302592,52.238865,10.156441
302398,52.402428,10.248355
302290,50.674374,7.7024984
303001,51.33269,7.984431
302967,51.26059,10.029322
302945,50.407825,11.257578
302624,51.181343,9.092786
301814,52.222492,10.080296
302140,51.99074,9.745169
302716,51.587875,7.9480515
301789,48.463417,9.888876
302397,52.388462,10.178933
300133,52.315647,10.217255
300657,52.08878,9.546831
300594,51.998672,9.650152
302552,52.12764,9.882018
302381,51.738964,10.052816
300090,51.974064,8.450907
300708,52.114597,8.229299
300893,51.77364,9.870098
301641,51.966133,9.013295
300144,50.801548,8.193752
300080,52.369328,8.602395
300667,51.674206,10.075231
302005,51.910233,10.540927
302317,51.663673,9.83709
302177,52.13477,10.055828
302969,50.92227,7.873158
300277,51.012783,9.9318075
301155,52.369328,10.151344
302658,52.21049,10.163929
300810,50.407825,7.6215453
301195,52.18264,9.676643
301571,52.043888,9.838536
300519,52.213154,10.194551
301549,51.074066,8.695897
300763,52.11176,8.83253
302580,50.2739,7.8113093
300108,52.223816,9.87781
300782,51.826366,8.425669
301420,50.519203,7.643265
301649,52.62695,8.605034
301209,52.39532,9.459563
301424,52.154892,10.33759
302865,52.292286,8.460176
302811,50.865116,9.116052
301613,50.707104,11.602803
302429,52.079754,8.257412
301282,51.639217,8.911005
301129,52.19427,10.165406
302285,52.14036,9.928201
301796,52.050575,9.49267
302241,52.36024,11.243529
301004,51.580894,10.046933
301445,51.56211,9.923412
303135,50.633423,7.7024984
301544,51.820107,9.9221525
303009,50.506622,10.178342
302438,52.224728,8.3789215
302364,50.224106,7.680779
302870,52.24378,11.098075
301174,52.113052,9.63327
301942,52.28269,9.700955
302380,51.670567,10.156441
300322,51.910355,9.963683
301913,51.885387,9.843082
300262,52.22613,11.136321
301878,52.267086,10.078626
301938,52.069828,10.726373
300995,52.20166,7.649752
300532,50.98755,8.7472
301081,52.199184,9.851682
302254,52.350727,10.245655
302697,52.14282,10.287167
300976,50.56667,7.643265
302923,52.64916,7.7520757
303006,50.475243,8.497394
300059,52.200455,10.171932
300312,50.65511,8.020613
302426,50.81696,9.536546
301514,50.278397,7.6215453
302814,52.421265,10.297656
300683,51.73674,9.298564
302682,51.344704,8.018277
300946,51.378,9.587698
301822,52.227898,8.703713
302568,52.388165,10.807967
300025,51.989426,9.799034
302007,52.133354,9.562212
300295,51.683353,8.303273
302245,51.94245,9.975213
300602,51.776985,7.8966265
302143,52.750042,7.8139243
301333,51.730335,8.259563
301910,51.595184,10.111955
300416,52.153183,10.295903
301492,51.8374,9.566729
301625,50.518604,11.88972
300463,52.091034,8.180723
301374,50.72816,8.2281
300012,51.61745,7.823976
301577,52.47534,8.156212
300579,52.30849,8.752091
302315,52.103344,10.2370825
300816,52.11079,10.33759
301046,51.561886,7.780266
300931,50.407825,7.7024984
301153,52.068466,8.884898
302043,50.73248,12.04037
300081,52.195595,7.933483
302771,50.623943,9.603123
302312,52.36024,10.329083
303136,51.30664,8.637223
302104,52.215504,10.040022
302263,52.062813,8.108405
302672,50.778854,7.7520757
302299,50.53102,8.336704
300580,52.22122,10.254823
300952,50.46804,7.643265
301904,52.176624,9.97121
302086,52.18354,9.6538315
302488,51.21977,7.921144
300890,51.345295,8.605034
301835,50.93676,10.252444
300439,50.792873,8.063292
302530,51.93576,10.030746
303058,52.648003,7.9112897
300320,51.533752,9.771892
300395,51.79235,8.587756
301232,50.536896,7.680779
300853,51.224552,10.201636
300057,51.163376,9.31492
302181,52.088543,10.318834
301908,51.262783,9.943179
300286,51.566364,8.556951
302754,51.911705,10.144715
301864,52.17802,10.136267
301369,51.829887,8.884898
300403,52.19152,10.228391
300258,52.073326,10.265211
301509,52.173077,10.296138
302259,50.20446,7.7024984
302633,52.068527,8.873963
302906,52.334248,9.725817
300828,52.097523,10.130176
302525,51.382256,8.940132
302669,52.582153,9.330363
302950,51.29259,10.053555
301842,50.801548,11.270451
302728,52.272,10.371569
300268,51.7005,9.559912
300394,51.696014,8.668316
300448,50.581043,9.4032755
302128,50.329197,7.643265
302696,52.560596,7.873158
300175,49.858177,10.11857
300402,51.957,10.111955
300495,51.619682,8.754565
302478,51.849434,9.663343
302604,51.32078,7.873158
300494,51.619953,9.826693
300018,52.129555,10.332694
300641,52.34357,9.948422
300638,52.176052,10.226828
300398,52.204044,9.849643
302895,52.114597,10.683122
302264,52.28959,10.555094
300332,52.03478,11.72739
302493,52.195595,9.786783
301764,52.15586,9.82349
302822,50.615265,7.8113093
302485,52.388165,9.801464
302774,51.281734,9.890826
301786,51.066566,9.9541
301578,51.01669,9.725092
301685,50.3507,11.928865
302680,52.339962,10.252317
301248,51.36592,9.468314
302683,52.272,10.208436
300105,52.246006,10.194551
300338,51.859833,10.136
302655,51.64301,9.440301
301271,52.199986,7.8244615
300967,51.937965,9.525785
302271,52.187313,10.361066
300811,52.031765,9.318187
300099,51.9264,10.129611
300147,52.39532,10.174133
302431,50.224106,7.643265
301326,50.407825,10.538362
301496,51.375088,10.259857
300208,51.56784,10.094896
301014,52.190105,10.390893
301212,52.051487,9.136005
301489,51.94684,8.807247
301812,51.999966,10.152277
300351,52.385784,10.216368
301455,50.689156,12.04037
302386,52.194305,10.045712
303086,49.60943,7.873158
300288,50.68278,8.627808
302279,51.858757,10.371929
302340,51.57205,9.531979
301887,50.49611,7.7024984
301787,50.407825,7.5362625
301627,51.915142,7.8113093
301318,50.607212,7.6215453
302673,50.704918,7.6215453
302374,50.41388,11.995068
301951,52.138947,9.531979
302450,50.490665,7.7024984
302017,50.837837,10.310172
301983,52.138947,9.912534
300564,52.369328,9.409806
301031,52.043934,8.023324
300477,52.16787,10.367606
303126,52.194603,10.423744
301387,50.779007,7.7702746
301551,51.910683,9.569704
302403,52.05039,8.250266
302605,52.199986,10.027771
300637,51.71375,10.195056
302744,50.987747,9.017995
300390,51.790558,8.944959
301063,52.334248,10.096139
303074,52.1498,10.103142
300929,52.03422,9.472037
302531,51.187527,9.969163
300349,52.238865,10.535272
300905,52.062813,9.626105
302460,51.144085,9.173905
300041,52.102478,8.743388
302751,52.36024,10.481502
300915,51.910233,10.052364
302004,50.146347,7.6215453
302465,52.34357,10.071151
301169,52.227253,10.026118
303099,52.199184,10.640879
301330,52.151,9.911372
302487,51.999653,9.20809
301368,52.12059,11.098075
302189,52.315647,9.737035
302199,51.707317,10.689841
300900,51.877945,10.021676
300311,50.866844,9.687057
302632,51.19458,10.014471
302021,51.410393,8.888693
300460,51.96087,7.8113093
300137,51.327427,9.328866
302578,51.934727,9.405019
301261,50.997887,9.808665
302243,50.522297,7.6215453
302184,50.79678,8.097223
300156,51.138557,9.795651
301546,52.498703,9.654678
300875,52.11799,9.500328
302606,52.111797,10.794447
302755,52.328915,8.354029
301256,51.822796,10.257452
302051,51.92773,9.341427
302688,49.1544,9.783808
300703,52.36024,7.889773
301351,52.294518,10.091172
302812,50.55625,10.142066
301743,50.37154,8.187838
301092,51.149685,8.318825
302201,50.23842,10.197166
302790,52.24864,7.8113093
302797,52.14014,10.064938
302991,51.8524,9.849072
302461,51.582363,9.3929825
301430,51.319157,9.796999
302170,52.056976,9.908337
302080,52.199184,8.840334
301749,51.618126,10.152856
300162,52.315647,11.912802
302224,51.694504,9.80125
301006,51.114872,9.327338
301013,52.03478,7.873158
300387,52.25523,9.643051
300078,52.24378,10.505749
302615,51.106304,8.880242
303034,50.407825,8.049844
303093,50.754837,8.150042
300868,50.37062,7.643265
301566,51.996727,9.569358
300160,52.156715,10.069141
301784,50.34192,8.786809
300346,52.199184,10.1194105
302048,51.992992,9.381976
300907,52.228695,10.33759
302026,51.81308,9.9140625
300480,52.133354,10.194551
300571,51.910233,9.644637
302640,50.81301,7.873158
301793,52.63032,7.873158
302336,51.91749,10.136267
300457,52.220093,8.683885
300981,51.66908,9.256921
303132,50.587524,11.999293
303088,51.40885,7.7520757
300987,52.334248,9.390093
302377,52.233376,10.108004
301502,52.47878,10.137908
301317,50.233166,7.680779
300538,51.755264,9.872321
300309,50.783634,7.7520757
302160,50.394714,7.643265
301247,51.595184,8.459053
301893,52.129555,10.222797
301959,51.885998,10.195023
302119,51.72776,10.053261
303076,52.199986,9.6830225
302318,52.114597,9.478192
302047,51.90519,10.1253395
301519,52.10206,9.669156
301591,50.67279,9.454267
300970,50.32612,7.6215453
300409,50.48412,7.764347
303059,52.12764,9.863756
302467,51.316124,8.095049
302972,52.195595,10.041573
301482,52.152416,8.342645
301243,52.19913,10.014622
301935,51.884388,10.252317
300535,52.388165,10.194577
300298,52.114597,8.653494
302794,51.373142,8.405229
302022,52.369328,10.168147
301895,51.57241,9.716002
301595,52.12031,9.470662
302179,52.076603,10.281213
300370,50.379738,11.144816
301623,50.427513,7.5362625
300413,51.828175,9.265199
302867,52.388165,9.923068
301116,51.832756,9.655379
301145,52.130116,8.323236
300155,51.93155,9.822109
300026,51.95447,9.893067
302274,50.570374,11.021561
300048,50.12698,7.6533165
300777,51.378265,8.216331
302914,52.085484,9.535258
301843,51.350037,8.873331
302417,50.549545,9.82349
300979,51.24416,8.019581
300245,52.113457,8.745952
301912,52.238865,9.3664465
301640,51.99561,9.208668
300317,52.503616,9.468807
302351,50.45488,7.6215453
303137,51.752308,10.041244
301168,52.267086,9.674227
302995,52.436325,9.701449
300573,52.10164,9.924843
301723,51.031803,9.208624
300843,50.11574,10.305675
300643,52.629166,10.111955
300357,50.708794,9.696992
302432,50.879814,11.217866
302813,49.89131,9.275222
300716,51.65569,9.786148
301534,52.125744,9.947926
302823,52.282772,7.873158
302090,52.456154,10.166754
301795,51.24032,9.626942
300109,52.238865,9.66194
302729,52.629166,8.095049
301429,52.30849,9.871943
302373,52.324734,7.7520757
301010,52.34357,10.219416
302027,50.556236,7.764347
301629,52.17471,9.955427
301707,51.595184,10.090109
301736,52.224285,9.571982
300327,52.24378,10.149461
303100,52.369328,10.903459
301442,51.997112,9.776172
301871,51.878544,10.285127
300857,52.0301,9.634822
302178,51.877995,8.60172
300514,51.760323,8.818571
302319,52.14978,11.302614
302545,52.097008,9.289253
302833,50.587524,7.649752
301224,52.044807,9.917986
300821,52.199184,10.013004
301689,52.183685,9.754847
302099,52.199184,10.267976
301773,51.995647,9.940451
300365,51.324894,9.609676
300045,51.205624,9.203869
300856,52.18713,10.175146
300482,51.957214,10.094106
302573,51.066185,9.664429
301011,51.64301,7.6999617
303041,51.947193,9.970854
301816,51.130962,8.987349
303033,52.388165,11.569286
301039,52.199184,9.4032755
302821,50.989635,9.4032755
302810,51.830673,9.9058695
301016,52.107414,10.151508
300498,52.00586,10.160573
300497,52.133354,9.661996
302392,51.81478,8.7074175
302205,50.783634,7.629292
300098,52.199184,9.675246
300020,52.271965,10.275
300517,51.459858,10.15403
302378,51.535355,7.6853933
301419,52.36024,10.060337
302752,52.19466,9.904417
300896,52.369328,8.828645
300458,50.36261,7.6885257
303025,51.67988,10.092641
302286,51.722446,8.255463
302396,50.615784,11.837717
301304,52.10164,9.749685
300177,52.22122,9.192409
301295,51.60196,9.444243
302609,51.95671,9.932501
301574,50.849693,9.525252
301086,50.641026,9.038646
301171,52.163868,9.9140625
301645,50.379818,7.643265
302835,52.16147,9.132926
301836,50.636658,12.064351
300339,50.227943,7.8294477
302792,52.116814,8.166136
300038,50.30432,7.679178
300648,52.26932,7.8113093
302337,52.267086,8.718745
301009,52.086174,10.437675
302244,52.404617,11.114395
302089,52.17316,10.2771225
302479,51.65609,9.188964
302084,52.55616,10.582369
302220,52.07608,9.563595
300407,51.494064,10.444726
301393,51.260235,10.0513115
300270,52.12764,9.834611
302985,52.506092,9.422469
301042,52.199986,9.815992
300778,50.451077,7.6215453
302240,52.36024,9.87889
302574,50.689632,10.21296
300755,51.93352,9.848823
301952,52.36024,8.085527
300977,50.523804,7.7024984
301439,50.54914,7.643265
302887,51.513733,8.987349
300452,50.504116,7.680779
301179,52.192028,10.2771225
300855,51.80446,9.574003
301699,50.41742,7.764347
302802,52.199184,9.094184
301090,51.42477,8.506591
300846,50.427513,7.6215453
302382,51.44838,9.790397
302076,51.657097,9.219231
301040,50.191692,11.693918
302553,52.24378,7.7520757
300343,52.14978,10.481353
300589,50.561928,8.341627
302232,52.612923,9.722141
302097,51.147934,10.334928
301899,50.323326,9.655693
301226,52.185356,7.950106
302309,50.962894,7.8113093
300089,52.208168,9.420965
302686,51.971382,9.395745
300400,52.10164,8.815113
301343,51.644165,9.634713
300248,51.62471,9.42574
301732,50.302418,8.182882
300281,52.648003,7.698934
300939,50.48535,7.6215453
300252,50.518604,7.764347
302920,50.478798,7.6215453
300908,52.186127,9.812567
302925,52.421265,10.282335
300091,52.324734,8.76993
301064,51.835728,9.26626
301414,52.350277,8.482294
300143,52.14282,9.950671
301868,52.371693,11.88972
302952,52.12764,11.446791
302982,51.865177,9.893067
302013,52.334248,10.144713
302618,52.03422,9.476439
300817,51.97948,9.082115
303091,52.14282,10.584435
302484,52.1439,9.600397
302197,52.199184,7.873158
302685,52.00523,10.216711
300632,52.24378,10.179991
300315,51.85746,10.199809
300125,50.581615,7.7024984
300040,52.19427,10.03087
301612,51.372364,10.111955
300590,52.504772,7.832532
300968,50.916477,8.361834
301690,50.00695,8.946102
300627,52.199184,9.364189
301593,52.030968,10.126242
301024,50.81696,8.799184
301315,51.480644,7.8139243
302743,52.189438,9.093515
300033,52.10159,9.5418005
300304,51.966118,11.181415
300584,52.15188,8.719922
301059,52.057926,8.565612
302916,52.353085,10.006748
300244,51.64301,8.297726
300847,52.315647,9.859212
302639,50.908985,11.569286
302824,50.707104,7.780266
300450,52.10182,10.21966
302518,51.25817,7.8113093
300649,52.648003,8.035815
302278,52.17091,10.072465
302252,52.055042,9.39699
302458,52.12814,10.59766
301065,52.019268,9.539846
302517,51.11479,9.116052
300010,51.895775,8.139647
302268,52.138947,9.932361
300013,52.20131,10.238145
301775,50.55637,12.04037
302651,51.120445,9.407315
302320,52.16929,10.041244
301443,50.620914,7.7024984
302183,52.24378,10.124442
301237,48.51588,7.643265
300167,52.38862,9.55823
302106,51.89585,10.303923
300800,52.34357,11.93001
301992,50.427513,7.6215453
300805,51.99356,10.414637
301739,51.14283,10.0314045
302406,52.07427,10.0483675
300196,52.07034,10.144471
302152,51.689808,9.3732395
300197,50.521805,7.680779
301225,52.574997,9.569097
301204,52.199184,10.008665
300496,51.835728,10.248319
300110,51.844234,10.001154
301533,52.238865,10.250346
301101,52.031612,9.628306
302912,52.381817,9.669156
302924,51.17293,9.92657
301575,52.23778,10.194551
300854,50.49777,7.6215453
301907,51.147934,9.207446
300508,51.360626,8.301017
302779,51.897633,10.411521
300231,52.63032,7.86807
301390,52.353085,8.31551
301550,52.282593,10.200487
301972,51.25518,10.061685
300767,52.238865,10.18136
300389,51.50158,9.996757
302902,52.261925,8.3039875
300241,51.866966,10.123798
301444,50.502045,8.156712
302599,51.20117,8.725727
301768,52.238865,10.185056
301587,52.200455,10.132929
301112,51.842064,10.060337
300693,52.011715,8.716078
302173,52.18821,10.851241
302621,52.238865,10.26659
301277,52.227406,10.485464
302984,51.367695,7.715165
300582,52.098885,9.925002
303123,51.179855,10.199182
300499,52.350277,9.67157
302694,51.18481,7.873158
301829,50.45427,7.7024984
301510,51.556477,9.058362
302348,52.23662,9.328487
301288,51.967644,9.537676
302979,52.30849,8.018277
302881,50.848415,7.643265
302159,52.648003,7.643265
300540,51.797073,9.550129
300071,51.89719,9.754823
302387,51.15122,8.594681
300229,52.318123,10.825017
300503,51.652714,9.619774
300461,51.960472,10.291309
300694,52.133354,9.75624
303055,52.19307,10.538067
301564,50.355694,7.643265
300807,52.03422,8.67701
301644,52.011715,9.626174
300453,51.370853,9.112939
302720,52.199184,9.063879
302647,52.391853,10.534463
300526,50.480984,8.355698
300397,52.18236,9.228771
302695,52.1439,10.149287
300606,51.922737,9.720979
302519,52.365955,11.818505
301823,51.81751,10.0483675
300165,52.006226,9.079259
303010,52.07032,10.156381
301215,52.24378,10.308085
301051,51.79494,10.039029
300803,52.30133,10.09467
300138,50.514877,7.6215453
301457,52.140907,8.605034
300676,52.199287,9.939853
301666,52.1002,9.876947
300085,51.85068,9.717562
300037,51.18617,11.151901
301567,52.131653,10.081479
303061,50.407825,7.7024984
302642,52.057056,10.00035
301061,52.204044,10.394766
301307,52.43061,7.7520757
300190,52.125744,11.035314
300924,50.785236,7.7024984
300385,50.449734,7.680779
301194,51.016193,9.309415
301410,52.375996,9.884855
302075,51.81205,9.688203
302186,51.142773,9.888068
301409,52.24378,10.134778
303039,52.34357,11.289828
303012,52.13654,10.296761
302167,52.227406,9.967687
302740,52.46777,11.44524
302121,52.181767,7.7520757
302062,51.95069,10.299824
302959,52.196228,7.873158
301687,52.131626,10.051129
301847,52.249493,8.572539
301111,50.748817,7.643265
301747,50.74752,7.6215453
301161,51.60039,10.232113
302868,51.209843,7.6853933
301782,52.45883,10.664515
302213,50.50504,7.643265
300746,51.249733,10.381244
302015,52.36024,9.8185
300122,52.01707,10.080771
301273,50.48535,7.6215453
300951,52.34357,10.15451
301653,52.2546,10.506774
302384,51.928635,9.245218
301148,51.57241,9.532096
302719,52.23778,8.762139
300783,51.4837,10.938736
300166,52.246254,10.113176
301844,51.863438,9.913722
301964,51.85335,8.049844
301262,51.301453,10.285127
301037,52.15643,7.8295083
302764,51.791477,10.282948
300070,52.24378,9.935956
301142,51.964283,8.465994
300462,52.345886,11.747432
300839,50.22031,7.8113093
303066,52.61408,7.873158
300388,52.04464,10.325133
300287,52.597717,7.8113093
301426,52.23662,10.072465
300547,52.204372,9.77366
302321,52.044807,10.137557
300353,52.15208,8.716078
301052,51.92477,8.7176
301425,52.15967,9.64912
301765,50.259094,7.6215453
302463,52.12764,7.643265
300530,51.811638,9.774222
301525,52.388165,10.255315
300466,52.729816,7.7520757
300642,50.183376,7.7520757
301934,52.388462,9.26864
300521,52.113174,11.902775
302629,52.594086,10.065603
300501,52.259132,9.973032
301459,52.205948,9.48362
300704,51.904404,8.697783
301036,52.369328,10.084258
301203,52.130623,9.468807
302897,52.045174,8.920582
301075,50.511364,7.7520757
302483,50.39968,9.664179
302154,51.736015,10.028152
300733,47.38694,10.272958
300675,52.140907,8.086702
302999,52.22681,10.136
302910,52.646984,7.904341
301192,51.869347,10.745404
300869,51.819798,9.355522
300552,50.32612,11.999293
301662,50.458817,7.680779
300384,50.450165,7.7024984
302872,51.45473,8.604392
302784,50.996166,8.095049
301353,52.12764,8.303273
302270,51.985065,9.989413
300399,52.337223,7.7024984
302748,52.133354,9.814135
300566,52.45883,10.069794
303004,52.111122,8.676942
302457,52.049942,10.167562
301298,51.965984,10.374746
302625,49.88377,7.6215453
301762,51.925915,10.029878
301000,52.03535,10.138839
300781,51.19397,10.114263
302453,50.559895,7.764347
303047,52.55616,10.183241
302601,52.072853,9.966929
302371,51.94245,9.891366
301950,51.803215,10.0483675
301872,51.746357,9.4760895
300386,51.911957,11.586007
301421,52.15526,9.306353
301885,50.87889,8.918625
302292,52.103996,10.206547
301924,50.60041,11.928865
301710,52.070103,8.438154
301668,50.83907,7.643265
302176,50.670437,7.680779
302587,52.031544,10.274118
301342,52.080227,9.4070015
301845,52.24378,10.051866
300427,51.872746,9.116052
300682,51.34413,9.047641
301848,52.306244,11.52918
301820,50.56667,7.7426276
300282,52.4257,9.390214
300820,52.161472,9.82349
302009,52.13909,10.297485
302510,52.051987,8.297646
300405,51.079563,8.13648
301481,52.388165,10.4947405
301745,51.551216,10.052816
303050,51.73125,7.8727455
302266,50.392544,11.947073
301219,52.133354,9.719161
300447,52.36024,9.584301
302390,52.028313,9.020968
302509,51.929516,10.47054
303079,52.272,10.051866
300780,52.124073,9.654021
302145,51.757896,7.873158
301570,52.011986,9.640183
301855,52.120987,10.26659
300254,52.312305,10.17345
300479,51.489555,9.755486
300513,52.194305,10.085765
302608,51.920177,9.5523815
301027,51.71407,10.265733
302715,50.368027,7.6215453
302031,52.197777,10.093323
302334,51.579353,7.8295083
300957,52.322037,7.8139243
302940,50.590008,11.270451
300203,50.903492,11.784993
300154,52.21643,9.904417
300534,51.779724,9.49051
300341,52.558636,8.250531
302648,52.301365,10.309706
302978,52.1439,8.989655
302235,52.157276,10.122808
302006,51.957947,10.150584
300569,51.21095,7.8113093
302078,50.88268,7.7878156
300053,52.477623,10.607889
300608,52.274395,9.97805
300131,52.45241,8.918429
301227,52.24378,10.108117
302610,50.511364,12.04037
300819,52.124348,10.410898
301077,52.133354,8.880553
300459,52.010525,9.793536
301255,52.27797,10.089906
303105,52.165947,9.407436
302368,52.18715,9.913339
301776,52.423542,10.90294
302018,52.24378,10.102293
302742,52.272,11.786821
302105,52.103344,9.45101
300148,51.897938,9.740432
300910,52.195595,10.514375
302008,52.421265,10.051866
300422,50.674374,7.8113093
301954,50.81301,7.643265
301654,52.648003,7.8295083
302521,52.017452,10.307964
300093,52.249493,10.209273
300689,52.369328,10.182896
301590,51.657475,9.566867
300892,52.098457,10.627959
300115,51.45551,9.395214
303069,50.938583,10.273455
302423,50.890247,7.643265
302196,51.859833,8.650754
301109,52.199986,7.8139243
302829,52.079147,10.048854
301971,52.199184,10.333628
300737,52.187275,9.253297
301927,51.623917,8.648911
302908,50.691525,11.845562
300358,51.6287,9.543345
301411,52.086697,10.245826
302772,50.392544,7.7024984
302535,51.870655,10.561303
300604,51.967224,9.096778
301833,51.814842,10.637844
300174,52.503616,8.026348
303000,52.14491,10.080486
300558,50.797127,9.542814
300663,52.199184,10.217255
302131,52.246254,10.01113
302108,52.1938,11.467552
302109,51.76722,9.510111
300563,51.8697,9.87603
300500,51.98084,10.144471
302844,52.274395,7.643265
302898,52.246254,10.063341
300636,52.199184,10.219902
302206,50.60153,11.631486
300650,50.352024,12.04037
301898,52.369328,8.743388
300610,52.13477,9.258128
301362,50.32612,7.6215453
302947,52.098297,9.904417
300097,49.88377,11.970149
302045,52.50933,7.7520757
300668,52.238865,11.329475
301383,50.361904,7.680779
300473,50.00776,11.231489
301378,52.45791,8.179413
303081,51.934242,8.982201
300481,52.36024,8.792071
300863,50.707104,9.735254
302233,52.176052,8.341627
301389,52.20131,10.138741
300766,52.37746,10.582369
300829,51.747868,9.588589
303016,52.441917,9.640523
300265,51.204174,9.863823
300614,51.722958,9.277552
301916,52.272,9.920805
300701,51.24416,9.645479
301105,51.00824,8.740461
301819,52.24378,10.5625105
302864,51.390614,9.267782
302630,51.807262,10.179585
300692,51.907104,8.210899
301382,52.04328,10.044819
300124,51.4946,10.140302
302052,51.595184,7.9533143
300029,50.411823,7.643265
302666,52.12597,10.367606
300842,52.19014,10.182896
302974,51.849525,10.523134
301930,51.5155,10.112995
301164,52.181538,9.44099
300235,51.300926,11.566765
300516,52.196453,8.788175
300885,51.81746,10.47054
301746,51.074177,7.764347
300822,50.427513,7.8113093
301365,51.28749,8.210899
301970,52.074265,9.506583
302911,52.177948,8.113002
300169,52.25523,10.105791
300284,52.184177,10.040962
302634,51.595184,10.001154
301734,52.36024,10.165831
302936,51.946888,10.370722
301200,51.452118,8.095049
302830,51.76175,10.204135
302760,52.133354,9.211568
301180,50.716034,11.982379
301552,52.43061,10.081479
300761,52.078465,10.129508
302269,50.514877,7.680779
301151,52.172234,10.232766
302620,52.088356,7.881103
301057,52.055424,10.015801
301846,50.24049,7.788329
301358,52.15564,10.03087
303045,52.650616,8.488724
302202,51.353893,9.796999
301520,52.205334,9.764689
302583,51.697117,8.587756
301890,51.974064,9.510111
301766,50.500145,7.6215453
300157,51.78037,9.334378
302486,52.034763,9.665049
300210,52.334248,10.201264
301979,52.648003,7.9164557
300019,51.846428,10.804007
300933,51.6463,8.406397
301019,52.265953,9.859212
303125,51.680504,8.318123
302158,52.107533,10.036386
300523,50.5831,7.6215453
300271,51.480644,10.364413
301664,50.407825,7.8113093
301926,52.177948,9.6599865
300950,51.30781,9.288815
300715,50.707104,8.497394
301377,52.385784,10.190277
301754,52.108974,10.289504
302745,50.882236,8.672239
302791,50.72845,9.761414
300724,52.156715,10.136795
301125,51.862724,10.100731
302324,51.257824,8.555202
301618,50.303703,7.7520757
302879,52.160316,10.001154
301258,52.011715,9.35114
301396,50.81715,8.023324
301505,52.19152,9.059563
303120,51.008957,8.435851
300930,52.39755,10.194551
301139,52.177948,9.419344
300237,50.629704,7.680779
302356,50.955193,7.889773
301875,52.129055,10.313621
302537,51.190334,9.6056
301054,52.36024,11.417127
301987,52.24378,7.873158
301370,51.76175,10.025592
301373,52.19922,7.643265
300719,50.435684,7.7520757
300191,50.191692,7.9942813
302569,50.71554,7.979614
300058,52.133354,8.857113
301861,51.60956,10.019974
303089,52.36024,9.728225
300047,52.02118,9.48362
301490,51.57855,9.853673
301433,52.15586,10.128875
301279,52.324734,10.654108
300313,51.98987,9.834916
300083,50.74599,12.105428
301568,51.800285,9.424095
300051,50.605503,7.7520757
303035,52.26932,10.93226
300478,50.466064,10.3477335
301877,52.199467,10.740117
300956,52.038177,9.902729
301897,50.784954,11.79127
300759,52.34357,10.175671
301407,52.175823,10.122021
300318,50.38407,7.6215453
302401,51.9264,9.777221
300063,52.07412,10.13128
302963,52.098495,10.180578
300851,49.750374,7.643265
301076,52.205723,8.75999
300163,50.871136,7.6215453
301667,50.689156,8.233042
301889,51.755295,8.701243
300201,51.22183,9.468409
300335,51.24756,10.217255
300684,52.177948,10.064334
302557,50.63425,7.764347
302679,51.830116,9.583667
302820,52.32136,11.52918
303032,52.199184,10.295053
300316,51.092373,11.77936
301579,50.58767,7.873158
301799,52.314552,9.525088
302548,52.23778,8.875097
301384,50.655018,7.7024984
301130,51.998672,10.014471
300378,51.806072,8.791208
302782,50.183376,8.023324
302347,51.62412,9.569358
301413,52.22026,10.142721
301677,52.22613,7.873158
301650,51.204594,9.304412
301705,51.383305,9.582895
300750,52.418884,10.0856
302706,52.14014,9.917593
302116,52.22122,10.095162
302313,51.828175,9.429833
303036,52.079483,10.086663
300728,50.595253,8.209738
301314,52.310905,9.818002
300887,50.886906,7.7520757
302101,52.16935,9.765728
302571,50.92227,10.000581
301801,51.022434,7.8139243
300285,52.36024,7.6215453
302480,50.610016,7.7024984
300849,51.595184,9.0341835
300798,50.591507,9.3929825
300616,52.195595,10.297485
300283,51.34828,9.79615
300446,52.34357,8.231548
301532,51.93967,9.702706
302551,50.429657,12.04037
301903,51.38415,8.187838
300158,52.36024,9.523415
302161,52.41416,9.77366
302194,51.132835,9.832724
301702,51.946915,10.190336
302153,51.217052,9.580678
300330,52.38051,8.045979
301605,52.41796,11.153969
300212,52.194305,9.816741
300136,51.98114,10.378899
301648,51.427525,10.158382
301066,51.587124,10.83373
301346,51.593582,8.864633
302358,51.29105,9.450016
302262,52.153404,8.630284
301278,50.630848,7.6215453
302447,52.15967,10.161559
301652,52.629166,10.200919
300344,51.378834,9.188926
301083,51.211803,10.208027
302281,50.46746,7.5362625
300238,51.914345,9.185663
302983,50.09321,7.873158
300436,52.335957,9.800206
301213,51.97748,9.5645485
302934,51.263206,11.584196
301753,50.504116,12.047437
300072,52.176544,8.035815
301452,52.50933,8.236065
301462,52.219814,9.868227
300290,51.345318,8.977056
302001,50.37295,7.7408614
302843,51.993042,10.293694
301391,50.302418,7.9403887
301919,50.49928,7.873158
302120,50.2529,7.680779
301412,52.151,10.167221
302434,52.238865,9.348655
301727,50.8807,9.050396
300823,52.067852,10.001383
300145,50.63105,7.715165
302346,51.88712,9.912534
301826,52.227318,10.143169
302964,51.13268,9.765064
300598,51.345318,10.25404
301371,51.699646,8.569994
300835,52.172234,10.134778
301497,51.190266,8.753904
300425,52.369328,10.3390255
303073,51.81881,9.879923
303122,50.92497,9.521733
300280,51.10483,8.536192
301733,51.719387,10.150451
301241,52.246254,10.097711
302968,50.407825,12.04037
300966,50.897995,8.167178
300220,52.629166,7.8113093
302023,50.497593,7.643265
300132,50.609684,7.643265
302931,51.630493,9.659142
302020,50.385147,7.8113093
302443,51.933525,9.654301
300618,50.58767,7.7024984
302459,52.01134,10.105791
300128,52.062813,9.196022
300677,52.125786,10.111955
301466,49.77031,7.800095
302909,51.77477,10.297463
300272,52.106083,10.1838
302649,51.132427,10.396627
301208,51.61135,10.0335655
302053,52.34357,11.0210285
301632,51.892384,10.115391
300916,51.80713,9.654347
300515,51.83101,10.337931
300502,51.374306,7.680779
301529,50.381435,11.691142
301698,52.282593,8.051338
302768,51.842857,9.848009
301287,52.114597,8.987349
302977,52.215504,9.3510895
302446,51.17828,8.819074
302200,52.037247,9.9092865
300021,50.767216,10.028567
301858,52.36478,9.407843
300449,52.075943,9.825607
300953,50.407825,12.04037
300560,52.062714,9.90493
302132,50.594444,7.823976
302164,52.10856,9.623841
302899,52.151,10.271937
302837,52.52916,10.902928
300884,52.369328,10.182896
303115,51.89335,8.25959
300740,50.99163,8.701387
300194,52.123318,9.706918
301440,52.10182,10.162641
300969,52.199184,9.893296
302738,52.63164,8.035815
302869,51.80005,10.194551
301680,52.217735,10.510736
300888,50.224106,7.5362625
301818,51.901054,8.733141
301980,51.08909,9.479568
302749,50.677612,11.367938
302543,52.16307,10.1408415
302327,50.923397,7.9403367
302726,52.189503,11.602803
300440,51.963734,8.864657
302010,52.333412,7.873158
301072,52.43061,9.762752
300420,52.133354,9.465984
300352,50.41223,7.643265
302420,51.681545,9.36216
301569,51.868935,10.183902
302122,51.919,10.207795
303097,52.455433,11.121312
302405,52.629166,10.316026
300364,52.278896,8.556083
301403,52.215504,10.0695095
302409,52.048775,9.795651
301594,51.595184,10.629594
302110,52.369328,9.605456
302954,50.506523,7.680779
300342,51.738113,9.429088
302507,50.876385,10.55053
300591,52.19913,10.104798
301251,52.140507,10.423026
301500,51.97421,8.550957
303127,52.308434,10.33759
301146,51.839493,9.876947
300528,52.24378,9.35114
302976,52.21049,11.270451
300651,51.595184,9.884879
301735,51.383305,8.685681
300897,51.20709,7.86807
302850,50.785236,7.680779
300421,52.027153,7.873158
300305,51.130733,8.188402
301465,50.832684,8.095049
302366,52.421265,7.643265
302283,52.30849,9.90493
300205,52.22744,11.278952
302988,51.437134,9.6862755
301364,52.198273,8.981294
301376,52.224728,9.975051
301928,52.14282,9.667809
300509,52.26932,9.750981
303046,50.630848,7.764347
300232,52.017452,9.878134
301807,52.179714,10.166036
302251,52.079483,8.981214
300700,52.414436,9.724405
302849,51.915577,10.152856
303026,50.286167,7.6853933
302191,52.06257,10.462034
303087,52.151,8.632036
302527,51.55885,9.813932
300980,51.618126,9.9788475
300096,51.946915,10.621097
302492,52.19427,9.875297
302766,50.792873,7.9872465
301244,51.99892,9.005643
301691,52.155514,9.664825
300363,52.39334,8.902626
300546,51.07572,10.36866
301115,50.70619,8.018277
301834,52.217007,8.680244
301917,51.82935,8.117046
301531,52.17091,10.195433
300920,49.027805,7.643265
301583,51.204594,8.268049
302708,52.227406,10.5625105
300441,52.36024,10.137598
300830,52.063763,9.524068
302379,51.86901,11.243601
302970,51.67485,9.667809
301263,52.097523,10.267102
302564,52.28174,10.204107
301020,52.13477,10.48687
301738,52.13153,10.061685
300688,52.02871,7.873158
300772,51.828037,8.785546
300359,52.34824,9.93046
302836,52.134304,8.704213
301656,51.976406,9.407843
300200,51.360226,9.632021
300912,50.56709,9.092786
300164,52.116642,9.8974
302508,52.17381,7.873158
303060,50.394077,7.6215453
300356,51.139633,10.09594
300601,51.982132,9.763783
302815,50.89319,12.166444
300152,52.24378,9.987008
300345,50.785236,7.720637
301588,52.36024,10.41585
303020,52.12764,10.2446785
302452,51.872955,7.7520757
302216,51.697445,8.060265
302253,52.17091,9.876434
301638,52.04464,9.721825
300491,52.126873,10.207932
301973,50.747654,9.654881
301143,52.124073,10.1253395
301128,50.714764,7.7520757
302528,52.24378,10.307337
302127,51.98042,8.974413
302700,51.682453,9.236301
301357,52.369328,10.144471
301996,50.4134,9.057772
300008,51.376343,8.001415
302713,52.082718,10.023281
302355,52.096107,10.256826
300393,50.9206,9.531979
302617,51.189175,8.420616
301126,52.10861,10.485464
302882,52.140507,10.881155
302272,51.948,9.396247
302705,52.039375,10.052816
300815,51.747868,9.834611
301675,50.427513,7.6215453
300371,51.655952,8.701387
300587,52.220417,10.045657
300879,51.839493,9.750504
300269,51.60409,7.7024984
301245,51.45291,9.930922
300729,52.133354,9.301878
300993,52.30133,10.144471
300544,52.08483,10.003062
302570,50.559895,7.7024984
300671,51.694138,9.473755
300256,52.388462,9.90493
302435,52.531837,10.249846
300415,52.04328,9.840424
301958,52.59524,10.724766
302095,52.006413,10.129302
302448,52.090305,9.118537
302210,52.133354,8.605034
302211,51.07832,9.000362
300958,51.997112,9.37391
300035,50.759357,7.764347
300255,52.25523,10.185301
302847,50.758884,7.7024984
302039,52.19922,10.31712
300574,52.125904,10.111399
300988,51.927223,10.283428
302956,52.153183,8.332016
300685,52.07427,9.006756
302767,52.26441,10.073316
302787,51.06089,7.680779
301319,52.24378,10.335914
301599,52.197777,11.430114
302408,50.98468,9.571791
302662,51.21858,9.434148
301681,51.22258,10.305504
302876,52.04328,9.587876
301701,50.73408,11.707109
302582,52.133625,8.304767
303043,52.24378,10.962774
302444,51.9333,8.095049
301757,52.315647,9.481901
302439,52.117535,9.747454
300511,52.066742,10.014471
301120,50.485893,7.8113093
302674,51.43836,8.453684
301211,51.161316,7.9403367
302807,51.832954,10.159666
301960,50.359737,7.6215453
302709,51.79285,8.12834
300016,51.787323,9.8946705
302598,51.340805,7.7520757
300592,52.388165,9.6280365
302035,50.46804,7.6215453
300518,51.93102,10.064334
302937,50.897995,8.329044
301780,52.388462,7.7520757
302523,51.545532,10.020635
300490,52.404617,10.140353
302637,50.823734,7.7024984
301884,52.233376,8.685681
302087,52.1855,10.5529175
300698,50.561928,7.7426276
300060,52.048775,10.248597
301726,51.99215,9.35114
301670,51.230625,9.531979
302860,51.97829,9.788463
302227,52.199184,10.393696
301929,51.88853,10.326178
303111,52.096344,8.716008
301136,52.45883,8.018277
301331,51.85273,10.613133
301336,52.388165,7.8139243
303008,50.674355,7.7520757
301062,51.84609,9.619892
301294,51.019928,10.038081
301099,50.74031,7.8249116
300960,52.054672,10.016099
302326,51.56285,9.604729
302335,51.8602,10.193317
302884,50.819786,7.643265
301817,51.204174,9.7670765
301156,51.008957,9.421948
301522,52.24378,10.1225195
300337,52.199623,10.327533
300626,50.788265,7.7520757
300699,52.079586,10.103142
302981,52.096344,10.002574
300646,50.519203,7.6215453
301026,52.075092,10.377005
302412,50.761612,10.061346
302505,52.238865,10.143169
300216,52.369328,10.952324
302712,52.388165,12.047437
301949,52.16492,10.078265
301222,50.95745,10.212168
301603,52.111797,11.514342
300226,52.329174,7.37866
301563,52.24378,10.293694
300084,51.816975,9.21822
300788,51.954975,10.312616
301380,52.15586,10.078265
300043,52.402428,7.8244615
300712,51.728283,10.077351
300373,52.36024,10.076578
303116,52.30849,10.060337
301173,51.538944,10.218312
300113,52.26932,10.139873
300934,50.632458,7.643265
301235,50.21067,11.93001
300442,51.823017,10.150451
302466,51.85273,8.7472
300438,52.243725,9.950962
302701,50.392544,7.643265
301900,52.21488,10.26659
301978,52.093998,8.039581
301134,50.357235,7.688614
302554,52.103848,10.169704
301778,52.311195,8.701243
300734,52.15324,9.4847
302019,51.870346,9.4779825
301619,52.10164,10.009854
300785,51.504448,9.662866
301808,51.89121,12.19489
300472,51.293842,9.30843
303112,52.04328,10.171932
302961,51.536884,9.044152
300790,52.050575,9.472461
302242,50.413654,7.649752
300895,51.15368,9.94344
301091,51.5116,10.005978
301201,52.204044,10.11903
302724,51.69493,10.31483
300603,50.644745,7.643265
300543,50.63753,7.7024984
300484,52.39532,10.423026
302139,52.490204,8.429377
302338,51.90104,9.634472
303102,52.396675,9.40228
302250,52.057686,9.131692
303117,50.302418,7.6215453
300914,52.350727,10.259857
301683,52.32136,10.6197815
300962,51.320366,9.597057
300171,51.08426,7.7520757
300176,50.379818,7.715165
302354,52.215504,9.740116
301504,52.2344,10.098633
300922,50.587524,7.6215453
300486,50.40496,7.6215453
302756,50.4922,7.6215453
301940,52.24378,11.602803
301748,50.706455,7.7024984
302585,51.80268,9.738201
301367,52.39703,9.17313
301345,51.528885,9.40203
301187,52.422707,7.6849613
302526,50.341824,7.8113093
301580,52.24378,10.058865
300595,52.631386,9.7737465
303044,52.36024,9.968184
303095,52.13153,10.237476
302141,51.826427,9.406843
300743,51.97501,9.649242
303067,52.372887,11.289872
300082,50.998287,10.163977
301720,52.05176,9.833508
301547,50.576057,7.7024984
301159,51.217308,9.809856
302565,52.106083,8.884898
301771,51.89121,9.563891
300713,51.870914,9.531814
300146,52.208862,10.292647
303085,52.03422,8.264734
302894,51.862724,9.886058
301909,52.153404,9.369092
302703,51.943703,10.073316
301797,51.459858,8.179413
302287,50.58767,7.680779
301402,52.103237,10.156214
300488,52.388165,7.7520757
300559,52.190105,9.959769
301202,50.427513,7.643265
302234,52.503616,10.099611
301718,52.365955,10.207795
301785,51.352093,10.045206
302922,52.498703,8.76412
302741,52.353085,9.719161
302277,50.407825,7.643265
300319,50.518604,7.6989174
301283,51.78969,9.973691
300030,50.98191,9.91074
300565,51.920635,10.270479
301458,52.172234,9.029943
300609,50.250164,7.5362625
301461,52.648003,8.686567
300334,52.13477,9.891313
300577,52.25017,9.429767
302024,50.832584,7.7024984
300087,50.922916,9.228771
303118,50.876385,7.8295083
300347,52.388165,10.14996
300456,51.143993,9.795651
302399,52.240147,7.9640903
300428,50.639206,10.949169
300381,52.054367,10.040022
300628,51.26467,7.9620914
300092,52.246254,9.860593
301596,51.466633,9.51996
302866,52.16693,10.050122
301023,51.584618,10.137868
300007,50.183376,8.171545
300664,52.118286,9.39837
300321,51.889603,7.7520757
301082,51.787483,10.316397
302135,49.45098,7.984431
302222,52.151,9.662866
300918,52.068527,11.575817
302332,52.172234,10.268995
300731,50.446968,7.680779
301344,52.189808,9.446288
300736,50.440804,7.7024984
301767,52.011124,8.886894
301821,52.194603,10.371569
301324,52.242916,9.403785
301961,52.34436,10.057176
301994,51.595184,10.014471
301758,50.38414,7.698934
302992,52.12764,10.016206
300076,52.12764,9.112257
302198,52.07687,10.067505
301869,51.739388,10.056231
301674,52.25523,10.046355
302322,51.446815,9.80812
300891,52.621235,7.823976
301451,50.1976,7.680779
302442,52.659237,7.678222
303027,51.29811,11.442178
300965,51.17938,8.116381
301614,51.0103,11.763704
302840,51.998672,9.420026
300903,51.966133,9.228579
300015,50.581615,7.7024984
302905,52.223816,9.962512
300374,50.7952,11.982379
300710,51.06089,7.7024984
302074,51.80707,10.0483675
300633,51.038776,9.744101
300228,52.232876,10.403412
301435,50.76184,8.888693
301167,51.765488,10.481502
301152,52.19922,11.443305
301888,52.406773,10.228369
302839,52.388165,10.041573
302123,50.99805,7.8113093
302071,51.686573,9.667809
300751,52.111927,9.906842
303029,51.09232,8.193752
302044,52.03422,9.939635
302049,51.441605,8.713315
302718,51.332314,9.070712
300310,52.272,7.643265
301450,52.032608,9.441036
301896,50.508015,7.643265
300705,51.037376,10.428326
301977,51.459858,10.441768
302425,52.02118,9.870384
302547,52.083313,9.135937
300003,49.85643,8.752091
301781,52.547073,7.823976
300947,51.747868,10.922427
302831,52.18713,7.807745
301557,51.80658,10.102803
301665,50.655376,7.873158
301453,50.639297,8.023324
302883,52.315647,10.059274
301199,52.388165,8.089059
302871,52.068527,10.030589
302372,51.758602,9.944326
300549,52.49268,10.076593
301906,51.938564,9.808665
300251,52.38814,11.122577
302260,52.189503,10.085316
301001,50.158104,7.7024984
301684,51.982132,10.152856
300665,51.43586,10.308584
300303,51.607224,9.507871
300293,52.238865,10.481502
301894,52.176052,10.283569
302921,51.920845,9.754776
302546,52.12366,9.896952
300193,51.65929,7.873158
301646,52.382427,10.946549
301468,50.69387,7.7024984
301559,51.963768,9.892107
302375,51.319157,9.468807
301348,51.859833,8.673574
302331,52.594086,11.821592
302083,52.2753,11.038746
300296,52.34357,12.056083
301356,52.140507,9.640775
303053,52.41796,9.876099
300898,51.25736,9.999462
302469,52.36024,10.181548
301624,52.12764,9.430959
300153,52.41971,10.349832
301119,52.14014,9.780932
302941,52.143806,10.156102
300326,50.662956,11.93001
302474,51.057514,8.747423
300529,51.17939,7.8139243
302168,50.674374,12.287045
301309,52.19913,9.185663
301329,50.719234,9.736995
302943,52.18264,11.229485
302042,51.052883,8.731023
301905,51.776054,10.217255
302067,52.116653,9.882247
300695,52.30092,10.348484
300471,50.52027,11.970149
301190,50.280872,9.020005
300619,52.019268,10.2040415
301975,52.215504,10.443593
301257,52.10026,9.507328
300111,50.407825,9.462651
302874,52.166336,10.313274
300727,52.36024,10.126771
301197,52.257046,10.587367
302293,51.613773,8.7176
300989,52.62008,8.313456
301080,52.103237,10.955826
301008,52.243725,9.510111
300291,51.564503,9.803943
301448,50.824554,7.7024984
300711,52.172234,10.000923
302687,51.771984,10.195023
302678,52.129055,9.820242
300926,51.852165,9.845192
300367,50.93151,9.903666
300809,50.153103,7.680779
302828,50.386333,7.680779
301744,52.26883,9.734388
300531,51.89065,9.572472
301073,52.27816,9.754217
300095,52.24465,11.006627
301581,52.175823,8.125804
300375,52.003784,9.569939
301464,52.062813,9.523427
300886,50.31853,7.7520757
300739,51.987904,10.325002
300369,52.220787,9.944643
302722,51.85068,9.894999
301416,52.17695,10.00128
301196,52.227898,11.794846
301184,52.4368,7.8139243
300747,52.195595,8.095049
302014,51.27561,10.285001
301712,50.752758,7.7024984
301312,50.754837,7.7520757
300787,50.561928,7.643265
300243,51.265003,7.780266
302907,51.998672,9.782241
301488,51.741093,10.128121
300599,51.176632,9.344673
302704,50.48022,7.873158
303082,50.399498,7.7463026
302419,49.791847,10.18303
302237,52.22681,10.149239
300553,50.697594,8.708247
300870,52.26191,7.8113093
301230,51.866257,9.882484
301103,50.30344,7.6215453
301335,52.133354,9.859212
302175,52.421265,7.873158
300383,51.019928,8.834909
300333,50.828278,8.955928
301236,52.39532,7.8113093
302341,52.503616,9.097899
300001,52.21798,8.147507
302805,52.053738,8.414148
300027,51.13859,9.918346
302506,52.200455,9.545599
301124,51.479847,8.147507
301221,52.24378,10.120472
302817,49.267952,8.313456
301714,52.503616,8.441429
301113,50.645794,7.873158
302717,52.0301,10.694343
302804,51.53927,7.7024984
302489,52.246254,9.180439
300795,51.441605,8.65855
301554,52.011715,9.790882
300690,52.17839,9.6421995
301043,52.315647,10.136267
303103,52.129055,10.385763
301636,50.9633,10.5625105
301098,51.700706,10.081072
300221,52.23117,10.0695095
301476,52.64916,8.147507
303092,52.126984,9.628306
303098,52.23662,9.487482
302538,52.129055,10.020635
301087,51.17683,8.327593
302818,52.062813,9.849766
300752,50.475243,7.643265
301228,51.80029,10.099985
302391,51.90104,8.228437
302360,52.162487,9.260914
301218,52.224728,10.072805
301751,51.862972,10.1196785
302761,52.38051,11.442178
301306,51.814842,9.357864
301527,52.223816,10.057406
301313,52.138653,10.050044
301759,52.436325,7.7024984
301106,52.011715,10.071538
302989,51.937965,9.925123
301631,49.675835,7.643265
301728,51.79509,10.441932
300770,51.32442,8.291753
302298,52.249493,10.961086
300605,51.93879,8.290774
300396,51.92773,9.456325
301249,50.286167,8.3789215
302575,50.75333,9.548393
300292,51.8719,8.732194
301943,50.62212,7.7024984
300430,50.9633,8.876503
301469,52.43061,9.764554
302623,51.764122,9.157396
302114,50.274376,11.349913
300542,51.87159,10.836735
300350,52.129055,8.384924
300963,52.20131,11.105783
301035,51.865623,10.290252
302757,52.153404,9.881681
302011,51.598595,11.77936
301030,52.62008,8.382977
300802,52.218124,9.663155
302846,51.60039,9.510111
302357,52.199184,9.825455
302289,51.166622,9.901594
302040,52.117947,8.401098
302515,51.41441,9.4027195
301725,51.900314,8.64543
300391,52.096107,10.047304
301069,50.45427,8.005802
300999,51.595184,8.023324
300094,51.004826,9.648535
300261,52.21104,10.097285
302520,51.920177,8.933257
300624,52.00758,10.565801
302859,50.69104,12.047437
300127,51.82582,9.746591
300940,52.106083,8.96013
302628,50.72628,7.680779
302540,52.646984,10.272958
300765,51.868793,8.497108
300990,52.36024,10.381843
301561,51.55688,9.6943
301586,51.47512,9.337259
300382,52.324734,7.7520757
302762,52.350727,11.328254
301760,50.83947,7.873158
302885,51.75036,9.4873495
301772,51.8018,9.481868
302671,50.60849,7.807745
302614,52.26441,10.481502
301763,51.406807,9.4976425
301154,52.05049,10.060337
302436,52.12764,10.134387
303019,52.249493,10.140307
301193,52.180637,10.647487
301301,52.066555,9.38039
300123,50.43134,7.643265
301715,51.797913,10.182784
301350,50.45582,10.014471
301316,52.182217,10.271371
301233,51.712677,10.399658
300742,51.99965,10.481353
300859,51.630596,8.361834
301292,52.027058,9.272073
301891,51.89719,9.48362
303113,51.67244,10.195023
300756,52.117073,8.341068
302980,52.490204,7.873158
300796,51.826218,9.002143
301915,51.04863,11.58512
302622,51.454483,8.195348
302971,50.259094,7.6215453
303040,51.110325,8.395519
302563,52.199287,9.789274
301857,50.657574,7.643265
301659,52.172234,10.1335945
303131,52.24378,10.101794
300126,51.110325,9.650152
301293,50.918148,8.864633
302878,51.744946,10.052083
302204,52.212082,8.51603
300106,51.681545,9.049283
303068,50.58769,7.7520757
300159,51.73169,9.950671
302926,52.14282,9.531598
302350,51.02511,8.101389
302325,51.595184,8.122074
301811,50.870758,7.980895
302475,50.472576,11.779787
301220,50.98468,8.023324
303031,51.7767,8.888693
300873,52.37292,10.192138
300276,52.0185,9.864948
302627,52.348988,8.406397
301070,52.162308,9.0341835
301005,50.708794,9.333858
303003,50.94891,8.605034
301911,52.172234,10.309312
300467,50.42949,7.643265
301025,50.63425,7.698934
302267,52.39532,10.053213
300380,51.306576,9.909877
300792,52.646984,7.7520757
301478,52.18713,9.48535
301717,52.017864,10.061685
301253,50.32612,7.643265
300732,51.84426,8.888693
300862,50.513046,7.6215453
302933,51.441605,8.187838
301183,52.24134,8.387329
300555,52.26932,9.894953
300049,51.862724,9.306362
301242,52.24864,9.977378
300799,52.629166,7.7520757
302856,52.21157,10.157724
302918,52.36024,10.194551
300936,52.07155,7.7702746
303083,51.871872,10.106074
302966,51.365543,10.122021
301660,51.06921,9.782928
302880,51.925915,9.502581
301742,50.521805,7.7024984
300253,52.12764,10.051866
300647,51.937965,9.961117
301651,52.255085,10.2040415
300964,51.903748,10.040022
301706,51.06921,8.331793
300996,52.287354,10.142066
302468,52.34357,11.601625
300662,51.035793,8.023324
300634,52.388165,10.089416
300955,50.81696,9.370499
301999,51.404922,9.842698
302343,50.630848,7.6533165
302602,52.24378,10.192138
301866,52.15586,10.1624775
302129,51.74741,9.9545355
301678,52.19922,9.792336
300872,52.388165,8.095049
301953,51.585808,9.817418
302581,51.765648,9.047452
302247,51.784245,8.971829
300527,50.582947,11.367938
303021,52.14663,9.468807
302990,51.741093,10.153517
302808,50.769066,11.735202
301207,51.134926,7.7463026
300233,52.238865,10.053213
301334,50.53403,7.6215453
301695,52.146233,10.1335945
300652,51.714092,10.061346
302395,51.2832,7.979614
302036,52.24378,10.136
301556,51.979786,9.159581
302529,50.81301,8.085581
300607,51.721004,8.677078
301881,52.39532,9.701761
301456,51.845856,10.368179
301740,51.964283,9.253198
301615,51.36651,9.702698
301381,51.937965,9.159761
301545,52.097523,10.451346
302411,51.510765,8.791208
302497,52.011715,9.330459
302734,52.315647,10.194551
301446,51.83349,10.071117
301449,52.113472,9.536375
301254,52.629166,10.134489
300215,50.766315,7.823976
301385,50.866844,9.032627
302890,50.76207,12.04037
302407,52.1855,10.152251
301750,52.195595,9.040428
302229,51.331497,8.303273
301328,52.129055,7.873158
300192,49.88377,8.018277
300042,52.15967,10.1461735
301397,51.193115,9.465339
300279,52.084053,9.450694
302524,52.17091,8.922885
302780,51.857605,9.970861
300360,52.015816,9.736995
301352,51.996407,10.556059
300267,52.129665,10.020635
300034,49.783524,7.7024984
300249,50.81301,11.815168
302470,52.12764,8.862037
300246,50.52027,7.720637
302825,51.79999,10.050044
300670,50.25521,7.873158
303090,52.24458,8.590657
301693,52.19427,10.332742
301272,50.783634,12.105428
301901,51.9951,9.91786
302646,51.294147,8.01719
302055,50.25521,7.643265
300861,52.40661,10.225359
301084,52.133354,9.903246
302427,52.22122,10.068296
302115,51.50252,10.246488
302037,52.24378,10.078626
300877,52.59433,7.8113093
302558,51.254913,8.051338
302763,52.17273,7.736341
300630,52.343998,8.333803
301630,52.24378,10.174326
302300,52.114597,9.051348
300102,51.079742,9.882484
302711,52.629166,11.122577
302301,52.32775,8.2000065
301044,52.20131,10.104992
301400,51.903732,9.676428
303134,51.37391,9.524448
301882,50.20407,7.6215453
300948,50.152363,7.873158
302428,51.042473,9.103246
302723,52.133354,10.304498
302693,52.64916,7.643265
302421,52.0185,10.0631485
302654,50.52236,10.14807
301543,52.075348,9.581064
301140,51.70522,9.754217
302589,52.153183,9.634962
301100,52.494537,9.813769
300617,52.26932,10.094592
301423,51.935375,10.420804
300758,52.315647,10.481502
300994,51.61784,8.292627
301968,52.22122,9.745169
301499,52.03881,10.472273
301141,52.166096,10.137491
300645,52.23171,10.035749
300824,52.02871,9.865665
302209,51.12874,9.310921
300974,50.863613,10.819345
302342,52.157276,9.79988
300793,51.971382,10.282925
302193,52.173386,10.770439
300831,52.058353,9.849072
300874,50.446873,7.7520757
301851,52.17091,8.999994
300927,51.649487,10.286348
302297,52.19427,10.098896
301672,52.144047,9.89415
300050,52.076893,11.112656
303077,52.011715,8.408345
301322,51.760677,8.057217
300036,52.00523,10.198514
301406,52.24378,10.033645
302050,52.151,7.873158
301880,50.785236,11.458431
300902,51.53959,10.202694
302029,52.069286,8.734973
301501,51.219536,8.46619
301401,52.074265,9.191729
301790,52.10883,10.136
300640,50.97011,9.65151
300443,52.194763,10.235722
300086,51.738113,9.35128
302310,52.238865,10.371569
301721,51.888065,9.626817
300784,50.55826,8.702636
301438,51.60196,10.132913
302668,50.250164,7.823976
302855,52.238865,10.298001
300556,51.03963,8.401072
303071,50.962894,8.649598
302296,51.09232,9.930106
300762,51.396477,7.680779
301327,50.521805,7.643265
301997,51.765495,9.48362
300568,52.19427,10.333628
302389,52.140682,9.172603
300187,52.43061,8.692089
301355,51.14961,10.103421
301170,50.277466,7.7024984
301616,52.4368,9.3924265
300150,52.011124,10.137557
301854,52.011124,10.26659
301127,52.031544,9.852122
302588,52.133354,8.747283
302733,51.914536,8.882537
300656,52.36024,10.189996
300738,52.127865,7.823976
302746,50.394085,7.9175797
300909,52.133354,9.868331
301088,50.674374,11.741846
302915,52.629166,8.445976
300434,52.37382,11.150763
302352,51.90278,10.169987
300181,52.24378,8.220927
300850,52.22463,10.308266
301479,52.24378,10.770824
301601,52.02805,10.186714
300469,52.677036,7.873158
301311,52.28327,10.193308
301359,52.1284,10.13128
302958,52.33065,10.072805
300307,52.13477,10.256826
302665,51.659733,8.674793
301191,51.87487,9.523427
302600,52.114597,8.682588
301956,50.480972,12.047437
300410,52.19427,10.419283
301041,52.140507,10.177724
301535,50.64402,10.108743
302786,52.20185,11.256579
302853,50.54914,7.643265
300118,52.151,10.087699
303054,51.85132,10.218911
301347,51.644867,9.966929
300721,50.743294,7.8139243
301404,51.257854,10.0025015
302946,51.74932,9.228771
300299,52.660873,8.201399
301663,51.498516,7.7503743
302314,52.267086,9.676285
300077,52.24378,9.894908
300032,52.096107,9.794109
302003,50.505783,9.575688
303129,52.175823,10.061685
301223,51.712643,10.203791
300635,52.547073,7.8113093
301515,51.890667,9.272073
301104,50.75165,7.7051134
300881,51.993095,9.955082
302765,49.88558,12.04037
300941,51.10863,12.064351
300561,50.58839,7.680779
300207,52.19427,10.039896
302593,51.791714,10.005246
301658,51.99965,10.123798
300789,50.914173,9.60218
300151,52.200962,9.984084
300302,51.372364,7.983809
301963,51.206085,10.170711
302180,51.48743,8.354029
301697,50.674374,9.298614
