id,lat,long
300121,52.148827,10.21187
302441,52.09652,9.986064
300266,50.39742,7.5943146
300911,50.467804,11.669361
302681,50.276302,7.633673
301610,52.27661,11.495146
302875,50.784695,7.814083
302261,52.527096,8.825283
302365,52.08839,10.31594
300709,52.15678,10.102023
302304,51.619743,8.6293335
302731,51.011906,7.891607
301055,52.240948,9.758792
301310,51.789787,10.08125
300273,50.471478,7.5943146
302038,51.036907,8.951782
300116,50.984528,7.854269
302736,52.292343,9.93789
302891,51.86904,10.035565
300583,50.530434,11.931801
302725,50.505512,7.6569724
300451,51.43802,7.6726775
302203,51.99828,9.56029
301216,51.493473,9.344663
300741,52.297405,10.324189
300827,51.782047,9.214278
302900,49.925514,11.870938
300186,50.890606,7.729054
300588,50.367153,9.842164
300680,52.0802,10.055297
303070,51.74977,9.801828
300088,52.036457,9.970969
301741,51.453922,10.004951
301474,52.033787,10.054141
301028,51.912895,10.403468
302938,52.488865,7.8411508
301436,51.964443,8.622269
300937,50.592575,7.684234
301177,50.413284,8.097551
302073,52.01531,11.995701
302863,51.796658,10.082121
301621,52.28292,10.004493
301779,51.744186,9.674461
301033,50.060226,7.663704
300062,52.058613,8.22127
301922,50.508385,7.8085237
302418,50.95298,9.011144
302896,52.069054,9.77854
302641,51.95176,8.926306
302249,50.875004,7.908342
302776,52.154198,10.481861
302138,51.94818,9.620046
300489,52.285313,9.913423
302987,52.427773,9.441794
300184,52.045704,10.382276
301485,52.44485,10.33475
300004,52.04094,9.981518
301341,51.90906,9.200785
300673,52.023483,9.950605
300100,52.26047,9.781996
301491,52.323627,7.9692454
300392,52.218,9.418886
303075,51.738323,9.156966
302942,51.201847,7.7066855
301074,51.56757,9.379607
302142,51.982704,10.104881
302130,52.085648,10.1053295
303114,51.405598,9.633541
302330,52.266106,9.818525
300982,52.31535,9.881904
300620,52.604767,10.984452
301270,52.08886,10.073726
303119,52.207077,10.182961
300227,51.746986,9.179932
302739,51.506725,7.923137
302949,52.19192,9.6166525
302137,50.779324,7.751188
303063,51.642628,9.882729
303038,52.15668,10.117521
300658,50.651943,7.68524
302533,51.84704,9.624512
303110,50.842003,10.623477
302054,51.332703,9.934395
301800,52.271755,9.793493
300401,50.829758,9.494193
302769,51.30599,7.8587813
301175,50.7113,7.7424507
300943,50.524292,7.8587813
301472,52.339417,9.683805
301107,52.05162,10.121047
302636,51.869892,9.183935
301777,52.530083,9.527418
301865,50.601395,11.402341
301137,52.24857,8.352693
302174,52.291656,9.301156
301340,52.148186,9.953194
300180,52.134365,10.400401
301417,52.207077,9.939293
300406,52.07492,10.161888
303042,52.46524,11.334183
303011,50.445,7.6243453
300028,51.974712,9.943273
301770,52.029163,9.83421
300055,51.363987,8.896699
300899,51.7313,10.191637
302735,52.598804,9.924815
302562,52.201004,10.091239
302302,52.06554,9.587032
302472,51.46568,9.996945
302033,52.3191,9.080132
301576,50.96578,8.543602
300324,50.524048,7.9675756
302877,51.821888,10.321658
301303,51.23367,10.149612
302611,52.16394,10.186409
302495,50.955452,8.866652
302503,52.34006,9.857611
301475,52.52712,10.179228
301447,51.83025,9.089064
302643,51.979973,8.660221
302295,52.4033,8.020138
302215,52.35683,10.094343
302960,51.891033,9.717659
301962,52.15668,10.3024845
303062,52.263924,10.184063
301548,51.239708,9.453396
300919,50.449715,7.3710766
300537,50.459084,8.445547
300129,51.77818,9.310059
300204,52.31318,9.752177
302257,52.371593,9.996485
303002,52.320026,10.1931
301704,51.725273,9.386262
302873,52.0935,9.896842
300179,51.94291,9.669981
300067,51.838783,9.042915
301791,52.12705,10.124323
300625,52.274208,8.445808
300702,51.807358,8.011701
300878,51.68655,9.500384
301558,52.001488,9.026721
300189,52.66193,9.433965
301815,52.094593,10.501851
302690,52.093285,9.890645
302795,51.32255,7.889129
301437,51.89477,9.814601
302462,52.604767,8.149657
301837,50.628212,7.663258
301939,52.66495,7.6493497
300046,51.589428,9.357208
302030,52.18977,10.285998
301296,50.47383,7.663258
301281,52.588295,7.9463034
301931,52.29596,10.511092
302586,51.962963,10.222041
300660,50.691948,7.714265
300836,52.162964,10.056697
302536,52.338844,9.616905
300611,51.802765,11.122903
300576,50.467804,7.81773
302841,52.277645,11.505455
301647,52.418346,10.262906
301802,50.16942,8.1303625
302857,52.13756,10.006475
300435,50.73878,7.7066855
302185,51.889267,9.79097
301981,52.521023,9.240026
300871,51.954132,9.433965
301166,51.688774,10.14385
301932,51.967907,10.011006
300801,52.30484,10.527898
300991,52.085487,9.514034
300485,51.19213,9.000652
300031,51.74554,9.806776
300239,51.901108,9.672979
301555,51.71508,8.836255
300720,50.594574,7.676655
303017,52.08812,8.558104
300848,52.33306,9.962447
301047,52.006363,9.565096
303108,51.586056,9.757886
301542,51.995483,10.108483
302561,52.008427,10.164287
301995,50.6817,7.6526127
300794,52.25494,10.073523
300707,50.944794,11.764529
300623,50.436916,7.684234
301511,52.21283,9.40463
300218,50.47552,7.6332273
302124,50.500324,11.961928
302057,50.962635,9.75334
301965,52.221214,10.245691
300354,51.822784,9.295886
301372,51.318768,8.945231
301969,52.269054,9.444407
301976,51.6652,9.979874
300696,52.156624,11.713956
300119,51.782753,7.832962
302789,50.64307,7.939759
302226,52.105907,8.1619
300771,52.116882,7.9455
300068,51.252953,9.564226
301297,52.056694,9.7399435
302596,51.98977,9.085992
301498,52.150387,9.6296
301774,51.23622,9.645895
302113,51.721813,10.240923
301366,52.264565,9.682443
301473,49.94723,7.699469
302092,51.781776,9.256729
300185,52.59953,7.7393126
302291,51.708115,7.9152102
303080,52.509052,9.940552
302957,51.955936,11.211908
301731,51.62461,10.2013035
302477,51.17897,8.3492985
301408,52.132942,9.982182
301966,52.193783,8.072206
302783,50.939346,7.3314686
302162,52.190056,9.937916
301206,52.165585,9.94763
301007,51.432083,8.99513
302157,52.013855,10.023702
302775,51.615116,9.488309
300786,51.715923,8.912591
300812,52.062046,11.495146
302798,51.09305,9.941225
302913,52.01531,10.323412
302102,52.331654,10.0405445
300791,50.496803,7.723758
301692,51.937695,10.211469
302082,50.84587,8.23831
302085,52.0245,10.089147
301181,52.263924,9.542116
301948,52.2759,10.397137
302208,51.95921,8.15303
300978,52.170967,9.88977
300379,52.05047,10.043117
302236,52.163616,9.931533
300773,52.15586,9.952783
300300,52.173046,10.449818
300230,51.81759,8.896674
301360,52.66193,7.7588105
301018,51.96032,9.002276
302652,52.54514,7.780061
302361,52.32486,9.817365
300002,50.551323,11.8571005
301635,51.29994,8.61938
300545,52.207077,11.901601
301937,52.048115,8.605127
302727,52.226345,9.178782
301541,52.078514,9.703173
301709,52.420937,9.032692
301467,51.978683,8.869604
300222,51.796658,9.847088
301516,52.244656,10.253802
301923,51.405724,9.006623
303024,52.78262,8.242058
301422,52.090824,10.113982
302555,51.96032,9.826309
300468,51.956364,10.151444
301783,52.490368,8.339666
302000,52.153633,9.857365
300301,52.28197,10.317897
302344,51.201847,11.794909
302311,50.840336,7.586877
301947,50.551323,11.963454
301620,51.857796,9.701294
301050,52.13167,10.401168
300825,52.491104,10.446167
301805,52.08101,10.256739
300585,52.30682,10.094068
302848,52.144386,10.275418
301259,50.35354,7.6243453
301673,51.830994,11.074064
302832,51.852047,9.613158
302150,51.954494,9.80419
302402,50.865005,8.126697
300975,51.977097,9.754993
301957,50.91904,8.25262
302862,51.95285,9.786365
301188,52.187923,10.087231
302316,52.590717,7.989085
301809,52.35923,11.436501
301096,51.798237,9.511709
302182,50.503082,11.980946
301252,51.338127,9.833367
300112,51.382927,9.21455
302904,50.367935,7.763522
300198,51.988228,9.92624
301305,50.331375,7.622582
302410,51.961082,8.8304205
301523,52.223923,10.117504
300209,51.162712,9.686153
301827,49.92142,8.286563
301562,51.84062,8.871145
302793,51.29975,9.92249
301852,52.043236,9.44722
300506,51.617294,9.837874
301427,50.888756,7.8411508
303018,51.573475,10.408432
302333,52.049446,10.1905
301874,52.274208,9.993234
301879,51.416065,8.862749
300306,52.12207,9.558506
302207,51.16961,8.601754
301824,52.12207,9.926903
300722,52.1399,9.897629
302025,51.540672,9.004856
301528,51.76754,8.449562
303104,52.188076,10.188537
302449,51.87518,10.012673
302676,52.022175,10.113508
302383,52.257095,7.7829204
301172,51.984566,9.711582
300432,52.403305,10.106104
302631,52.02668,10.20833
302710,52.604767,7.8403115
302778,51.778313,10.162338
300992,52.605923,7.7977233
302842,51.448593,9.824762
300423,51.834362,9.796949
302997,52.39129,10.042808
300426,52.119736,9.810317
302107,50.753395,11.992453
301178,52.200077,9.831908
300355,52.089928,9.863726
302481,51.760002,9.984989
300550,52.314465,9.990428
301321,52.31535,10.102023
301863,51.519325,8.063723
301056,52.124744,9.607747
301925,51.21978,7.746892
300114,52.207855,8.423058
301264,51.916367,9.353181
302935,51.90402,9.984501
302656,51.745293,8.663591
300562,52.110165,10.105948
301755,51.979927,10.5886965
300674,52.500195,7.690141
302919,50.576584,7.746892
303014,52.23184,11.50376
301622,51.550774,9.4117775
302404,50.525425,7.8610353
302663,52.154167,10.196635
300073,51.66647,8.865702
300672,52.291798,10.100037
301038,51.9385,9.63991
301097,50.93572,8.413524
300024,50.972763,7.6243453
301308,50.64906,11.8078985
302691,52.408436,9.94737
300505,50.138165,10.225455
301122,51.94271,10.488048
300681,52.681423,9.03513
300139,51.183895,12.014083
300522,52.558144,10.19486
301830,51.59922,9.81187
301508,51.54102,10.292135
301095,51.971382,11.15876
301540,51.172203,10.494138
302962,52.179787,10.055078
301933,52.26303,10.70019
302473,50.085472,9.898253
302118,51.659424,9.533882
300240,51.472088,9.214742
302903,50.512108,8.248611
302370,51.749664,9.046541
302800,52.092556,11.888754
302544,50.913177,8.814198
300444,51.921574,9.225351
302667,52.077316,9.726871
302388,51.927223,10.02517
301108,50.318985,9.121687
300149,52.071056,10.152191
300570,52.11694,10.314017
302171,52.3094,8.072062
302169,51.62758,10.41452
300661,50.540054,7.6948867
301460,51.91528,10.050876
303107,52.106236,9.480711
300011,52.19323,10.076728
300206,50.6817,8.021533
301604,52.017254,9.782132
301990,52.167454,9.934088
300006,52.125603,10.23896
300744,52.237297,10.365429
301860,51.81503,9.547619
302282,52.00439,9.984448
301240,51.99793,9.3147955
302929,51.48718,9.873262
301565,52.47075,8.067933
300130,52.171482,9.705915
302046,52.190697,10.107817
301354,52.6043,7.902209
300730,51.004932,8.140499
300622,52.367336,9.829648
300454,50.9515,10.806872
302117,52.130257,10.2678585
300644,52.37607,9.55288
302125,52.327316,9.9651785
300845,51.99077,9.705259
301323,50.95154,7.7066855
302584,52.552906,8.131559
302888,52.21596,9.944311
301657,52.114506,10.156905
300539,52.247734,9.761325
302603,52.150837,8.132663
301839,50.70001,7.7417684
300938,50.48312,11.973492
302225,51.87031,9.053473
300944,50.94848,8.46925
300679,52.246826,9.788599
301002,51.294292,9.143457
301160,50.577854,7.633673
301530,51.871056,10.118564
301250,51.98831,8.024603
300455,52.134212,9.698021
300074,51.785133,9.391139
300813,50.433502,7.633673
301722,50.70032,8.044401
302541,52.062572,9.971874
302482,52.024044,10.262949
301375,52.145477,8.294721
302721,52.24546,10.07996
301806,52.117233,9.567647
301608,52.663887,7.84873
302819,52.228184,10.2345085
302064,50.71501,9.350144
300065,52.342846,8.305515
300593,51.27407,7.6569724
300225,50.85687,10.255416
301524,51.46274,9.7793865
300864,52.019196,10.170095
302490,52.0611,9.9351
303130,52.136208,10.20833
302079,52.00725,9.895538
300581,51.39172,8.392796
302098,52.133217,10.049991
303005,49.467846,8.158609
303078,50.76877,11.02208
300757,51.581387,8.460417
302861,52.59275,7.9727535
301045,52.162964,10.194266
302785,51.003826,8.190577
302965,52.04605,9.999868
303065,51.642628,10.512584
301363,52.012615,10.0786915
300140,50.940548,9.000849
302796,50.67014,7.609185
302094,51.941788,9.443887
300297,52.42563,10.9753
300408,51.313457,8.05765
302034,52.064873,9.957022
300832,52.148186,10.009009
300860,50.753395,7.746892
300075,52.04202,10.049019
300264,52.27559,10.055297
302566,51.43112,8.94139
301804,52.16683,10.196524
303030,52.029007,9.525703
302294,51.953167,10.07034
300575,50.62279,7.633673
301150,52.231453,10.400904
302413,50.512108,7.663258
303015,51.252983,9.473366
302930,52.48684,9.862472
301495,51.978954,9.442185
301094,52.21596,9.820118
301049,51.90906,10.368298
301941,52.330563,7.824824
302433,52.274208,8.189475
300331,50.64196,7.7393126
300578,52.059902,9.538267
301825,50.58547,10.820577
301454,51.918793,10.860649
302500,51.161163,9.9963875
300135,51.55968,7.7977233
301572,52.22411,9.85308
303028,51.91797,8.866652
302214,52.70055,8.225334
301607,52.319447,9.830089
301986,51.642628,8.818075
301238,51.973274,9.778908
302218,52.32218,9.954667
302136,51.954132,9.743258
302759,51.931633,9.459964
300188,50.952244,8.006145
302692,52.140713,10.040673
301892,50.64728,7.6183724
301518,52.164318,10.086369
302394,51.5682,8.075432
301493,52.01979,9.562536
301299,52.208138,10.151495
301285,51.708706,9.373967
300998,51.76313,8.061619
300596,50.89957,7.8071427
300921,51.720963,9.629311
302088,51.697697,8.5989065
301032,52.085648,10.1622
302499,52.22899,10.233505
301553,52.14807,9.728355
301276,51.624104,9.34744
302657,52.192444,10.378719
302659,52.062267,8.295055
302781,50.50091,7.932906
302275,50.82439,8.473188
300769,51.947834,9.903619
302806,52.043926,9.507863
302511,52.062824,10.053604
301642,51.426685,9.303352
302070,52.05639,10.0396385
300826,52.13103,9.260199
301688,52.369892,8.601754
300838,52.175922,9.793099
302155,52.103077,9.646818
302773,49.628605,7.830303
300289,51.858475,9.084484
300213,51.69395,8.790414
302400,52.522297,8.023093
301394,52.414062,10.008906
302619,50.39656,7.6601105
301431,51.22519,7.980508
302239,52.1799,10.502123
302223,52.02903,10.214311
300913,51.873367,9.8626795
302308,51.791454,9.233683
300512,52.164032,10.036365
301291,50.63983,7.695885
302323,52.555984,8.043479
302660,51.996593,9.451669
302534,51.751503,9.4309435
300901,52.060223,8.533268
301068,50.471478,7.633673
301831,52.043926,9.59381
300263,51.260273,11.123911
302827,52.069992,9.443832
300411,52.240948,10.21796
301071,50.356842,7.633673
301955,51.72828,9.870073
300217,50.59453,9.229722
300997,52.40963,10.06796
302550,52.076077,8.869604
301537,52.167454,10.291049
300985,51.43802,7.57344
302577,52.423317,8.783994
301017,52.369904,8.747068
301332,50.57564,8.040867
301876,52.44743,7.751188
301602,52.178547,9.677222
302607,52.32221,11.025485
302221,52.136208,10.091239
302549,52.47705,8.136492
302126,52.076077,9.797817
302217,50.07031,7.6332273
300735,50.1787,10.245865
300493,51.95921,9.757289
302093,52.291424,9.900216
301803,52.323887,8.230664
300510,52.07492,8.477167
300418,51.84528,9.278628
302955,50.471478,11.931801
300487,51.935276,9.962258
302494,51.806004,10.068406
300541,51.999332,10.884661
300714,50.080547,7.6332273
302939,52.05377,8.912529
300748,51.149208,7.806504
300054,52.124664,9.325156
300066,50.68769,7.7202106
301507,51.99092,8.306344
300814,51.07059,9.467131
301902,52.167454,9.676394
301598,52.558144,11.281702
302339,51.56291,10.497064
301289,51.284435,10.0411
302504,52.212345,9.834369
301132,52.017254,9.862631
301021,52.693176,7.7977233
302028,52.291656,10.038442
300554,52.07236,9.905209
301114,52.124744,9.464642
302059,52.096527,8.686796
302684,52.39799,10.182111
302707,51.896015,9.451243
300775,51.476524,10.372953
300754,51.585457,9.860238
301589,52.38357,10.169924
302192,51.881836,8.95824
303064,50.505512,7.5883417
302542,51.00998,10.126305
300764,52.40685,11.349122
302901,52.555035,7.9757276
300612,52.030666,9.465018
301862,52.14461,9.176595
302886,51.768272,7.695885
300984,52.588295,7.839095
302996,51.598595,8.4005165
301867,52.14134,10.169093
302699,50.47642,7.5791545
301985,52.119736,11.291604
300417,52.150635,8.977914
302096,52.167515,10.138019
301634,51.979927,9.19289
301703,52.14756,10.12043
302416,51.963455,7.4985247
300615,51.501602,9.341738
301198,51.517647,9.374057
303084,50.384945,7.5943146
302516,52.09283,9.8861265
300368,52.069733,10.503081
303007,51.077175,8.003435
302675,50.303333,7.663704
301229,52.185333,9.25214
301217,51.46948,9.425201
300779,52.063457,9.878407
300419,52.317562,8.072653
301810,51.671898,9.98368
302464,50.86956,10.061244
300806,52.106266,9.6713
301582,50.73063,8.319136
301392,51.864067,10.188325
302359,51.635197,9.488124
302151,51.948635,8.775973
300182,51.90462,9.545505
302422,50.45189,8.2288685
302303,51.955376,10.112798
302228,51.738495,9.919126
300039,51.976788,10.298135
302502,52.22352,9.647783
302149,51.427326,10.006014
300880,52.076107,10.095263
301573,50.79563,8.150728
300726,52.219692,8.693545
300923,50.269104,7.714265
302661,52.39422,7.7588105
300172,51.320293,7.6332273
301338,51.774696,9.930885
301513,52.144325,10.014639
301708,52.5569,8.065912
300362,52.51303,10.068218
302103,52.29517,9.678133
303023,50.930695,8.770905
300525,52.26389,10.389014
301859,52.613045,7.6979604
301886,50.466576,7.663258
302858,51.857597,10.5641
301696,52.199665,9.462916
302072,51.88273,10.244733
301480,51.32543,7.6011577
300548,52.470737,10.884319
302190,50.583355,7.680301
301873,52.257698,9.924887
300894,51.626965,9.883712
301606,51.120735,11.277881
300639,52.085075,10.236745
302595,51.884674,8.872042
300274,52.2759,10.049841
300866,51.52744,9.921878
302698,51.42519,9.4934225
302476,50.86956,10.053003
302677,52.20958,10.363348
301655,52.095345,9.979558
301121,52.034878,9.63991
300107,52.21854,9.925545
300314,51.272926,10.100362
301388,51.964123,10.127707
302111,51.462563,9.635247
301967,52.184105,9.748609
300199,50.62279,7.684234
301339,52.13408,10.290613
301162,52.225426,9.575225
300009,50.374496,7.609185
300340,51.04342,9.023984
303057,51.683235,9.3923235
301724,51.461357,9.802879
302591,51.642628,10.131498
300224,52.271706,9.794064
303138,52.03103,9.998476
300889,51.860523,10.344704
300928,51.991463,8.846012
301682,52.102657,10.171234
301761,52.25646,10.139639
300507,52.207455,10.169027
302576,49.871456,8.581867
302424,50.967903,8.010117
302513,51.970093,10.022216
301398,51.827415,10.095212
300223,52.014343,10.281492
301487,50.282246,7.663258
300776,52.1951,9.169706
302852,52.250675,10.016773
302437,52.33669,10.265757
302063,52.424564,10.139639
301265,52.297047,10.02469
302522,52.060295,9.283156
302280,51.99077,9.845742
300925,52.110638,9.430161
300275,51.639297,9.728475
301147,51.71622,8.384336
302560,51.73981,8.966216
303049,52.1399,9.863295
302415,51.767826,10.6404295
302451,51.285633,9.055661
303072,50.492363,7.684234
301539,52.34063,10.093944
300669,52.259083,10.073836
302893,52.163242,11.46612
301302,52.199802,9.991175
300697,52.048706,10.078147
302195,51.652546,10.294785
300168,51.67128,8.446219
302362,52.068855,10.208761
302826,52.15684,10.403332
301841,51.9068,9.29957
301661,52.318413,10.03977
302258,52.568283,7.790504
301275,52.18943,10.733357
301434,52.19867,11.789364
302065,52.08819,9.345576
301034,51.88535,11.052057
302951,52.327705,8.570093
301853,52.009018,8.456597
303096,51.637424,9.737631
302367,52.014446,10.453318
301463,52.143024,9.943129
300250,51.9404,8.136492
301526,50.59867,11.80129
302273,52.244144,9.99378
302112,50.62874,7.6368737
301149,51.884674,9.056051
302276,51.781128,9.965532
300631,52.08568,7.7422094
301832,52.02161,9.96398
301984,51.39599,9.962381
301349,52.103,9.5846
302265,52.138653,11.646087
300804,50.41199,7.690141
302889,52.107098,9.442299
300973,51.115093,7.663258
300120,50.417587,9.092754
300259,50.62746,11.941838
300557,52.17771,10.190702
301838,51.551056,10.63077
300023,52.047062,10.974637
302973,52.2275,9.413144
302953,51.11991,9.108077
301617,51.48536,7.8141403
301432,51.477005,7.8649144
301029,50.413654,7.6243453
302066,51.74327,9.780014
300211,52.170788,10.371167
302058,51.968018,9.794823
300014,51.825092,9.557166
301290,51.993393,8.946973
301798,51.64609,9.53957
300666,52.24745,10.521188
302163,51.399593,10.502426
301189,52.148186,10.1089735
300361,50.6651,8.848965
302986,51.958447,9.698065
301828,50.550694,10.927194
302032,50.957546,9.915373
302305,51.946934,8.485422
301870,52.255283,8.827425
300942,52.1184,8.579099
300621,52.13103,9.0032835
301849,52.06979,10.2141075
300718,52.393944,9.8237
302393,51.063503,10.820935
300056,51.570503,9.994937
301856,52.1585,10.113001
302456,52.11763,9.954469
303106,51.903324,10.118564
302328,51.330997,9.64481
302498,51.711903,9.832804
301186,51.66449,9.094974
300753,52.082176,8.48311
300533,52.148186,8.394363
300725,51.002293,8.390978
302056,51.86904,8.128261
301269,51.515865,9.916735
302613,51.95147,10.896496
300653,50.62746,7.944583
302230,50.749817,7.8411508
300833,50.483562,7.7066855
300858,51.577324,8.42616
300972,51.323757,9.105852
302645,52.246387,10.146281
300760,52.032963,9.98232
300678,52.10568,10.197343
302002,52.588295,7.8670135
302212,52.048115,9.508363
303109,52.17532,8.750938
302165,51.343075,8.744916
302255,52.0047,10.123039
301210,52.334435,9.409126
301713,50.79455,9.976274
301138,51.606377,9.848866
300202,51.842697,9.405556
300717,51.54677,9.395076
302306,50.693573,8.472717
300961,52.451004,8.237097
302144,51.72897,10.131458
300470,52.125603,11.400609
300052,51.652016,10.251786
301769,52.063755,9.111728
301633,51.793476,10.013649
302638,51.991882,11.465672
300932,49.3758,8.226952
300524,52.43455,8.238801
300412,52.07936,9.61779
302188,51.942013,9.846773
301133,51.992924,10.074403
301135,50.508385,7.778696
301246,52.247765,10.184898
300214,51.644207,9.672834
301946,50.601902,7.6183724
301163,51.64089,8.412286
300745,50.62216,7.6183724
301936,52.200077,10.567778
301239,51.785866,10.297233
301058,50.359135,7.633673
300372,52.227924,9.961788
302069,52.17262,8.470751
300883,52.090824,10.083069
302948,52.11233,10.083069
301428,50.46714,11.931801
302635,50.36811,10.212944
302932,52.228184,9.928904
302845,52.12207,7.6963263
300691,52.500984,9.801559
302597,51.950672,9.735961
302750,50.885277,7.6186047
301165,52.177406,9.991787
301611,51.574593,8.428668
302559,50.594334,11.404712
300971,52.312553,9.977282
302702,52.38989,10.485349
300104,50.576584,7.663258
301686,52.062824,10.190969
301079,52.09174,9.691027
302445,52.27239,9.761677
302803,50.492363,7.7860065
300686,50.422455,11.931801
300278,52.092697,10.033941
302491,52.708927,7.830892
303121,52.060883,10.135636
301267,52.436066,9.358825
300597,51.484436,8.483311
301944,51.486954,9.821539
302061,52.036854,9.087689
301471,52.09863,9.913778
301988,52.253574,10.0159
300852,51.84346,9.50018
300844,50.543602,7.914552
300600,51.845455,9.708868
303048,51.12592,9.699652
300808,52.66193,7.7018614
300325,51.63759,9.844804
300797,52.359295,9.98691
301067,50.433025,7.8649144
302650,50.36811,7.6243453
303094,52.10825,9.954325
300005,51.931046,10.120887
301982,51.52456,8.869604
301494,51.79154,10.360705
300983,52.02138,9.932027
301998,52.423653,11.247605
302147,51.234196,9.434156
302539,50.7316,8.183261
300475,51.69845,9.9619665
300476,51.834,10.357654
301521,50.984043,7.9675756
303013,52.213566,7.943202
302670,51.093323,10.01304
301850,51.915424,9.270252
302994,50.46284,7.7066855
301883,52.03997,10.118564
302060,50.548588,7.607289
301974,52.264206,9.862844
301274,51.96295,10.45143
301560,50.671124,7.7052546
301920,52.26355,9.928586
301730,52.39614,10.06086
300142,51.658722,7.792775
302454,52.06761,10.536542
300294,52.16633,10.0314665
302993,51.505173,8.036707
302612,52.105476,10.061941
301637,50.689884,7.633673
300904,51.80979,8.42243
300308,51.716496,8.557345
301266,50.863728,9.522917
301286,52.169758,8.894808
300348,52.24547,10.057641
301144,50.573666,8.78162
301158,51.830753,10.003533
302455,50.803856,9.97834
301268,52.048115,10.179564
300366,52.115536,9.043109
302944,52.13712,8.829008
300103,51.974384,9.865579
301989,51.574593,9.216754
302758,51.88832,9.08262
303051,52.166473,10.206929
300483,51.139217,11.194647
302732,51.172188,7.61292
300818,51.975327,9.854233
300323,51.92762,9.227235
303056,51.960438,8.028633
302430,50.40175,7.714265
300464,52.07852,9.633591
302579,51.955254,8.996131
301405,51.139534,7.5943146
302664,52.185474,10.023702
300876,52.045452,9.287768
302219,52.22706,9.930124
302353,50.705578,7.6076655
302256,51.14962,11.545243
300431,50.94627,9.006661
300424,50.902412,9.050674
300069,50.38392,7.6332273
302689,50.882835,9.13452
300017,51.132336,9.3494005
302838,51.94271,9.2308855
301584,51.338127,8.968126
301600,52.062206,9.63991
301484,51.594254,7.9305654
301477,51.977943,8.906493
302369,52.04061,9.759225
301711,52.015526,9.025493
300173,50.915375,8.189665
300834,52.141808,9.589821
301131,51.99473,9.889997
302248,51.278316,9.577846
302156,51.601257,9.294771
302146,52.367565,8.889908
301503,52.123817,10.169352
302801,50.42075,7.7393126
303052,51.892677,9.859544
303101,50.45478,10.126289
302471,51.800884,9.581929
302345,51.768433,10.10174
301752,52.249474,10.202079
302246,51.626965,10.378804
302892,52.163033,10.4806185
302777,52.051258,9.228341
300178,51.80202,10.168976
300242,51.959698,10.231954
301840,52.07936,9.52935
301628,52.150208,9.954951
301679,50.628212,7.759197
301991,51.434647,9.743337
301918,51.96476,9.740902
301012,52.085426,10.076914
302231,52.23948,9.239167
300654,51.481335,9.77232
300865,52.098278,9.2606
302307,52.27682,8.0594425
301700,52.12909,9.982182
302284,52.362972,10.144357
300257,52.636013,8.012554
302556,52.44181,9.893192
301093,52.03512,9.677142
300723,51.59854,9.546657
302187,51.99313,9.28103
301185,50.81381,10.02912
301794,51.903324,10.214311
300917,52.245262,11.601135
301643,52.275124,8.177638
301669,52.02564,10.031352
302594,51.958485,10.202413
300044,51.77172,9.4193125
302041,52.204258,10.489766
302753,52.650143,7.729054
302363,52.23105,7.9861803
301609,51.913185,9.773441
301379,52.329117,7.989085
300837,51.415054,10.0905075
302653,52.19421,9.8206835
303022,52.027447,8.939524
300445,52.000828,10.177
302770,50.485123,11.931801
300840,52.54167,8.14389
301536,52.27141,9.70248
302238,52.249786,9.517005
301337,52.64889,8.237097
302349,50.416958,7.633673
301993,50.601902,8.025681
302834,52.27388,9.981643
300536,51.006664,8.093559
302172,52.408855,8.652183
300551,52.261547,11.167899
301538,51.83057,9.957296
300236,51.90762,10.054824
302747,50.471478,7.663704
300195,52.435352,10.601343
302376,52.37155,7.92915
301418,52.019917,10.191932
300377,50.651943,7.690141
301756,50.932396,9.569513
302737,52.427563,10.255621
301117,52.66193,8.218761
300706,51.636993,9.044069
301022,50.706993,7.5943146
300064,51.62391,8.575161
301737,51.320293,10.65728
301597,50.490288,7.309135
302928,52.66495,8.011999
302590,51.575993,10.416208
302077,51.03253,9.517978
303133,52.07898,9.909418
300404,52.23677,9.801639
300376,52.80528,11.719172
300882,52.398037,9.738636
300935,52.013817,10.073523
301506,52.246387,10.010537
302512,52.10267,10.040231
300061,51.818436,8.521392
302166,52.45181,10.191547
302081,52.02055,10.0877285
302816,51.506123,8.735664
301085,52.1536,9.743422
300329,52.278908,9.7366705
301395,50.551323,7.684234
301386,51.504566,10.02476
301719,52.108532,9.227732
302016,52.029804,8.806616
301015,52.22466,7.838198
301260,50.875423,7.8260016
300247,51.90156,9.726856
300022,52.115185,8.477921
301729,52.147423,10.039413
300101,52.33182,10.392751
301123,52.588295,7.9392037
301089,52.2112,9.01922
301320,51.450912,9.598187
302134,52.19323,9.954337
300183,52.097576,9.979972
302714,52.177944,9.196299
301441,51.738495,9.956784
301048,51.902073,9.125419
302532,51.08653,9.154157
300234,51.840466,10.181162
301694,52.150345,9.893168
302514,50.994526,10.770979
301060,51.737362,10.155691
301157,52.708927,7.8411508
301110,52.044704,9.374181
300986,51.142185,11.789364
301399,52.079044,10.1727
302414,52.122025,9.316712
301300,50.726498,11.717119
301626,51.06935,7.910575
302567,52.604767,7.746892
302288,50.709232,7.5943146
301361,51.2379,9.1989155
301788,50.7351,7.663704
300328,52.37576,9.781758
302854,52.085648,9.896842
300687,52.167454,9.875943
301676,52.399075,8.169125
301003,52.08755,9.829841
300949,52.322906,7.7977233
301205,52.172123,10.1220455
300260,51.173107,10.118767
303037,52.146492,10.372953
300906,51.95331,10.343745
302440,51.026176,11.606544
301280,52.055794,10.085711
300841,52.559856,8.8670225
303128,51.59861,10.0350895
302851,51.14749,10.733465
302644,51.42561,9.028162
300134,51.820343,9.961299
300465,52.27141,9.9724865
301182,50.871895,7.7844048
301325,51.736443,9.95174
301415,52.541775,8.432153
300749,51.986305,8.303026
303124,52.366817,10.06796
300586,51.004944,8.707628
300945,52.228184,10.055297
302626,51.66647,9.535453
301470,51.781406,8.399292
300959,52.45567,9.457125
302572,51.992924,9.365643
302012,52.650143,9.171874
300429,51.446877,9.349646
300572,52.089928,9.941883
300170,51.178383,9.210586
302809,50.13683,10.423247
300629,52.110092,9.3607235
300336,52.211365,10.222041
300079,51.95776,9.002631
300567,52.074352,10.184588
301078,52.31715,10.071588
302068,52.356358,10.201163
302496,51.043083,7.7829204
302788,52.12207,10.10856
302799,52.58723,10.928039
302091,51.71043,9.913019
302501,52.478195,9.633281
300437,52.24745,8.869604
301231,52.16215,10.017025
302329,52.464645,10.650609
300141,52.153347,10.061063
302998,51.405407,9.535673
302975,52.17583,9.560634
301921,52.086136,9.691247
300613,52.007168,9.818203
300768,52.330715,10.037055
300219,52.341846,8.834596
301102,52.272842,9.928777
301053,51.713688,9.530135
300492,52.103607,9.597582
301234,52.015144,9.40949
301512,52.24745,10.061267
301176,51.722797,9.86971
300954,51.95351,10.039719
300867,52.151184,9.962409
302100,50.3586,7.6243453
302730,52.053055,9.74727
302927,51.34383,9.237496
300520,52.265972,10.302473
302385,52.22536,9.796099
301517,52.05832,9.669688
301483,51.87797,9.3723
301486,52.376797,10.566928
302917,51.82214,9.503811
300161,52.233192,9.555282
301671,51.94291,10.208643
300774,52.1886,9.919241
300414,51.93651,9.737154
301214,52.292343,9.625422
301813,50.62975,7.663258
301792,52.184837,11.31681
301639,52.588295,8.4307995
300659,50.95827,7.6000648
300117,52.17583,10.304761
301716,52.06539,9.409014
301284,51.546265,9.844556
301592,52.05639,10.118564
300474,51.578148,10.334346
301118,50.471478,11.931801
302133,51.913864,9.334147
300504,52.361767,10.131006
300433,52.35512,10.075754
301914,51.338127,8.986431
301585,51.479572,8.916021
302616,51.41472,9.58103
302148,51.84062,9.814068
300655,51.932343,10.094146
301945,52.015526,9.324778
302592,52.311607,10.146984
302398,52.30693,10.494277
302290,50.7176,8.044861
303001,51.550995,7.769803
302967,51.952793,10.022533
302945,50.533848,11.807818
302624,51.42031,8.449562
301814,52.167454,10.018731
302140,51.63476,9.157112
302716,50.747726,8.04504
301789,49.01527,9.094782
302397,52.167454,10.189663
300133,52.30869,10.6638
300657,52.048115,10.032758
300594,52.083485,9.694496
302552,51.94517,7.6212087
302381,51.759434,10.2198105
300090,51.913864,9.599121
300708,52.138897,8.733864
300893,52.158295,9.865052
301641,51.95921,9.090417
300144,51.55,8.949632
300080,52.67902,8.195396
300667,51.6628,9.366132
302005,52.004784,10.208873
302317,51.985455,10.444965
302177,52.19323,9.954326
302969,51.288765,7.8758307
300277,50.876858,8.761603
301155,52.131767,9.984101
302658,51.586056,9.610999
300810,50.664043,7.5943146
301195,51.94025,9.429065
301571,52.1886,10.02637
300519,52.073997,10.068571
301549,51.67032,10.436079
300763,52.161865,9.697193
302580,51.386475,7.7417684
300108,52.182945,9.994647
300782,52.103714,9.145078
301420,50.583626,7.7630763
301649,52.588295,8.141324
301209,52.185406,9.279097
301424,52.148186,10.345616
302865,52.23667,9.07723
302811,51.3468,9.381798
301613,50.587845,11.722173
302429,51.870525,8.533498
301282,50.598846,11.059901
301129,52.053055,9.151597
302285,52.40284,10.417836
301796,52.000076,8.964535
302241,52.263924,10.333854
301004,52.09152,9.5179615
301445,50.906353,11.658834
303135,51.489395,7.690141
301544,51.90954,10.226737
303009,50.822647,9.929013
302438,52.119762,9.046398
302364,50.496803,7.6183724
302870,51.984074,10.519423
301174,51.18139,9.088686
301942,52.042126,9.8520775
302380,51.8482,9.628798
300322,52.219517,9.74851
301913,52.093006,9.056672
300262,52.42474,10.667086
301878,52.11694,9.97634
301938,52.115147,10.372288
300995,52.552906,7.79666
300532,50.58873,8.237097
301081,52.018883,9.97166
302254,52.328827,10.666659
302697,51.93039,9.501636
300976,50.75224,7.729054
302923,52.708927,7.7977233
303006,51.502037,8.955855
300059,52.093822,10.361629
300312,50.174137,8.123833
302426,51.132397,8.644873
301514,50.413654,7.684234
302814,52.42112,10.572695
300683,51.931744,9.326756
302682,52.143715,8.056334
300946,51.716465,9.650738
301822,52.2399,9.057363
302568,52.316658,10.295215
300025,52.556026,7.906753
302007,52.08207,9.64435
300295,51.776535,9.202214
302245,51.89245,10.037706
300602,51.243656,8.005995
302143,52.375473,8.561501
301333,51.99028,9.498336
301910,51.795494,9.9520035
300416,52.06905,10.586415
301492,52.07955,9.990032
301625,50.617535,11.505455
300463,52.080524,8.365734
301374,50.646828,7.7291665
300012,51.78583,8.189569
301577,52.084965,8.947995
300579,52.342052,9.499091
302315,52.160122,10.173873
300816,52.148186,10.055297
301046,51.932343,7.7393126
300931,50.30883,7.633673
301153,51.972874,9.717153
302043,50.505512,11.931801
300081,52.604767,7.908342
302771,50.77767,9.128637
302312,52.134365,10.072059
303136,50.94685,7.9116206
302104,52.037807,10.189382
302263,51.93899,8.547008
302672,50.807022,7.8587813
302299,50.65884,7.7822433
300580,52.07322,10.083069
300952,50.812664,7.6399302
301904,52.25645,9.842446
302086,51.987362,9.660181
302488,50.797737,7.758128
300890,51.414635,7.868201
301835,50.70749,11.121111
300439,51.218506,8.471833
302530,52.41149,9.885007
303058,52.67356,8.032063
300320,51.83561,9.504543
300395,51.744186,9.854213
301232,50.44067,7.663704
300853,51.41714,11.669444
300057,51.197384,9.83063
302181,52.04294,11.370278
301908,51.517662,9.359296
300286,51.86904,9.07197
302754,52.177563,10.229104
301864,51.806194,10.00707
301369,51.968075,8.971566
300403,52.167454,10.520609
300258,52.04294,8.736509
301509,52.114174,10.0854645
302259,50.48095,7.663258
302633,52.116844,9.144327
302906,52.207077,9.565096
300828,52.1856,10.175083
302525,51.900852,8.950388
302669,52.117233,9.494573
302950,51.703663,10.357328
301842,50.416103,11.931801
302728,52.167454,10.118767
300268,50.40189,9.564428
300394,52.555035,9.488487
300448,50.592953,9.184035
302128,50.467857,7.663704
302696,52.56642,8.04504
300175,49.133156,9.32441
300402,51.97267,9.577992
300495,51.325806,9.455884
302478,51.62849,9.501147
302604,50.733547,7.663258
300494,52.046318,10.94927
300018,52.265472,10.70459
300641,52.32411,9.974186
300638,52.145798,9.931887
300398,52.295197,10.093425
302895,52.043926,9.665191
302264,52.201004,10.272
300332,51.8447,10.776716
302493,52.163143,9.580254
301764,52.158524,9.994157
302822,50.9009,8.643723
302485,52.613228,9.900775
302774,51.49294,9.969953
301786,51.673683,8.113203
301578,51.205875,9.931087
301685,50.49911,11.941239
302680,52.130802,10.016968
301248,51.303513,9.125621
302683,52.177563,9.982588
300105,52.227837,10.107767
300338,52.176064,10.190508
302655,52.080517,10.197125
301271,51.935543,8.311796
300967,51.461357,9.565096
302271,51.987362,10.150714
300811,51.985226,9.830758
300099,51.85039,10.158301
300147,52.21941,9.904511
302431,50.35843,7.80062
301326,50.622147,10.496931
301496,51.712822,10.928455
300208,51.990746,9.483041
301014,52.227837,10.032246
301212,51.84767,9.893234
301489,52.033253,8.8670225
301812,51.890823,10.084927
300351,52.075394,10.000072
301455,50.505512,11.931801
302386,52.00013,9.99798
303086,49.798607,7.751188
300288,50.635544,8.299933
302279,51.295322,10.304191
302340,51.72114,8.885731
301887,50.644455,7.7436504
301787,50.20809,7.633673
301627,52.35792,7.8836327
301318,50.54008,7.633673
302673,50.338306,7.6569724
302374,50.471478,11.963454
301951,52.14134,9.629642
302450,50.929314,7.663258
302017,51.29695,9.92509
301983,52.014015,9.451483
300564,52.28114,8.850406
301031,52.430428,7.839095
300477,52.010914,9.978333
303126,52.051186,10.023702
301387,50.096478,7.7588105
301551,51.94667,9.076724
302403,51.675125,8.293223
302605,52.081024,9.474662
300637,51.827793,10.055297
302744,51.216026,8.904928
300390,51.595177,9.453495
301063,52.073288,10.004493
303074,51.95862,8.944064
300929,51.661335,8.62219
302531,50.57784,8.985006
300349,52.111763,10.152191
300905,51.93025,9.685662
302460,51.70791,9.582792
300041,52.129105,9.830754
302751,52.129982,10.361629
300915,51.987362,9.96023
302004,50.53612,7.5943146
302465,51.933308,10.61938
301169,52.097725,10.062675
303099,52.439323,10.132806
301330,52.123764,9.78173
302487,52.471813,8.025013
301368,51.299458,11.05935
302189,51.635433,9.186306
302199,51.822857,10.277668
300900,51.52552,9.808673
300311,51.045193,9.775801
302632,51.57162,9.801973
302021,51.450726,9.531946
300460,51.868637,7.690141
300137,51.601257,9.526226
302578,52.54756,9.428592
301261,51.270214,9.662328
302243,50.22519,7.6332273
302184,50.9031,7.8296757
300156,51.723843,9.8226185
301546,52.506252,9.15758
300875,52.321926,10.285289
302606,52.27766,10.069441
302755,52.48995,8.400003
301256,51.10015,10.127757
302051,52.148827,9.919499
302688,50.57965,10.14129
300703,52.53657,8.850267
301351,52.330715,9.72331
302812,50.522625,9.794877
301743,50.696445,8.485501
301092,51.60472,9.92244
302201,50.980457,10.1704
302790,51.98181,8.521398
302797,52.05656,9.380648
302991,51.952663,10.03235
302461,51.932343,9.17103
301430,51.94509,9.950677
302170,52.249786,9.949772
302080,52.671482,8.738545
301749,51.41857,9.770137
300162,52.520996,11.619647
302224,52.08633,10.025286
301006,51.838257,9.282443
301013,52.227444,7.871641
300387,52.274208,9.641957
300078,51.592655,9.969223
302615,50.917515,8.157286
303034,50.50641,7.939759
303093,50.724182,8.842662
300868,50.551323,7.729054
301566,52.01083,9.775591
300160,51.86604,9.878997
301784,50.991375,8.417078
300346,52.147858,10.244276
302048,51.75653,9.412605
300907,52.125458,10.554468
302026,51.59039,10.084272
300480,51.932343,10.44715
300571,52.095345,9.973303
302640,50.561108,7.5943146
301793,52.44181,8.075432
302336,51.697697,10.171754
300457,51.65458,10.079545
300981,51.545856,8.828645
303132,50.794132,11.676751
303088,51.115227,7.7066855
300987,52.185616,10.112438
302377,52.15078,9.447683
301502,52.60352,10.899644
301317,50.62223,7.6243453
300538,51.97743,8.641933
300309,50.592575,7.6243453
302160,50.35747,7.663258
301247,49.81641,7.765096
301893,52.130653,10.089595
301959,52.100426,9.871494
302119,51.685646,10.46078
303076,52.40284,9.611857
302318,52.269054,9.048373
302047,51.89477,9.487662
301519,51.941788,9.403327
301591,50.389572,8.7656555
300970,50.413654,7.633673
300409,50.53828,7.676655
303059,52.10786,9.346987
302467,51.156082,8.237097
302972,52.157787,10.056775
301482,52.47705,7.8630195
301243,51.858475,10.12043
301935,51.744186,10.2847
300535,52.187393,10.031896
300298,52.39612,10.103506
302794,51.935886,8.383329
302022,52.24745,10.076984
301895,51.834877,9.139647
301595,52.028522,9.587032
302179,52.144024,10.187916
300370,50.413654,11.931801
301623,50.588997,7.663704
300413,51.83617,9.762638
302867,52.266094,10.857393
301116,51.95331,11.581816
301145,52.039974,9.06103
300155,51.917843,9.504176
300026,52.081207,10.073523
302274,50.68196,10.154362
300048,50.84442,7.8649144
300777,51.671673,8.593593
302914,52.426266,8.720759
301843,51.64609,8.640124
302417,50.736137,10.248049
300979,51.359856,8.069109
300245,52.041058,9.02308
301912,52.52166,8.440706
301640,51.916126,10.107863
300317,52.15622,9.362829
302351,50.532562,7.6569724
303137,51.014706,10.512232
301168,52.327457,10.267958
302995,52.391605,8.215406
300573,52.00254,10.449632
301723,49.10745,9.63319
300843,50.692467,10.0396385
300643,52.565784,9.682087
300357,51.013775,9.4474945
302432,50.892845,11.379736
302813,48.310505,9.495348
300716,51.660908,10.226509
301534,52.010365,9.699406
302823,52.41047,7.663258
302090,52.29517,10.10466
301795,52.27572,10.587442
300109,52.10835,9.571821
302729,52.556583,8.439777
301429,52.51598,8.933982
302373,52.55426,7.7417684
301010,52.22795,11.4394455
302027,50.649696,7.6332273
301629,52.03997,10.14385
301707,51.468758,9.539441
301736,52.03347,10.636325
300327,52.24745,9.954469
303100,51.96653,9.880906
301442,51.96032,9.998524
301871,51.99122,10.175259
300857,51.872555,9.915544
302178,52.240948,8.102484
300514,52.02039,8.574494
302319,52.25744,10.384902
302545,52.033306,9.742108
302833,50.55819,7.6332273
301224,52.1951,10.134701
300821,52.52166,8.971991
301689,51.59825,9.680871
302099,52.101963,10.105675
301773,51.917843,9.679701
300365,51.785583,9.747799
300045,51.875973,8.864892
300856,52.21854,9.872039
300482,52.134872,10.012434
302573,50.893105,10.23938
301011,51.305855,8.140106
303041,52.604767,9.157112
301816,51.207134,9.600567
303033,52.28707,11.57217
301039,51.947914,9.374181
302821,51.366642,9.027185
302810,51.70046,10.087411
301016,52.20207,9.845582
300498,52.112404,10.073523
300497,51.62849,10.011161
302392,51.64609,8.980708
302205,50.679886,7.6183724
300098,52.193302,9.902447
300020,52.142918,10.160219
300517,51.151894,9.699857
302378,50.653904,7.9300046
301419,52.339283,10.066064
302752,52.099854,9.8137665
300896,52.43667,8.917215
300458,50.730614,7.9527726
303025,51.931137,10.067757
302286,52.231834,9.515632
302396,49.94127,12.073043
301304,52.297993,9.720926
300177,52.186096,9.356178
301295,51.839996,10.0275545
302609,51.931046,10.011193
301574,51.054695,10.143992
301086,50.99166,9.123377
301171,52.069096,10.004847
301645,50.412674,7.6332273
302835,51.72293,10.02327
301836,50.88169,11.864543
300339,50.499695,7.8411508
302792,51.665836,8.578311
300038,50.373707,8.249506
300648,52.64494,7.725988
302337,52.373642,9.717356
301009,52.04262,9.181947
302244,52.52561,11.295349
302089,52.293163,9.584442
302479,50.716133,7.823842
302084,52.203938,11.479529
302220,52.048115,8.519445
300407,51.216938,9.833772
301393,52.0544,10.21877
300270,52.07097,10.078743
302985,52.588295,9.115897
301042,52.17143,9.362146
300778,50.598877,7.746892
302240,52.44665,9.390767
302574,51.385708,9.48345
300755,51.972824,9.832789
301952,52.555035,8.173822
300977,50.512108,7.676655
301439,50.41199,7.7295
302887,51.570503,9.070358
300452,50.496803,7.684234
301179,52.472878,8.066072
300855,51.91066,9.599793
301699,51.795,7.6726775
302802,52.317684,9.711317
301090,52.07386,8.468881
300846,50.542946,7.607289
302382,51.586243,9.8861265
302076,51.656017,9.276105
301040,50.458725,11.983544
302553,52.23807,8.000538
300343,52.310665,10.485936
300589,50.528835,7.9487743
302232,52.000347,8.602373
302097,51.73775,9.801639
301899,50.049313,8.472314
301226,52.006004,8.221216
302309,50.83105,7.8260016
300089,52.476585,7.685246
302686,51.86384,9.236745
300400,51.93392,9.322056
301343,51.839054,9.793641
300248,51.135406,11.167358
301732,50.422977,7.9769225
300281,52.684258,7.7724814
300939,50.40175,7.6243453
300252,50.68805,7.65437
302920,50.458725,7.696331
300908,51.49448,10.60935
302925,52.5062,10.139561
300091,52.66193,8.25639
301064,51.871857,9.550205
301414,52.40874,7.9932766
300143,51.604156,8.31415
301868,52.481277,11.520237
302952,51.992924,10.8695135
302982,52.077423,10.057282
302013,52.164482,10.035048
302618,52.103607,9.577803
300817,52.07583,9.0976715
303091,51.752407,9.961526
302484,51.32041,10.308597
302197,52.048706,7.8758307
302685,52.00051,10.014598
300632,52.169636,10.520231
300315,51.962685,9.969688
300125,50.610233,7.6332273
300040,52.065586,10.203353
301612,51.295742,10.20287
300590,52.747173,7.695885
300968,50.80309,8.192617
301690,51.864067,8.650926
300627,52.153545,9.567856
301593,52.033234,9.856902
301024,50.551323,7.6332273
301315,50.68769,7.684234
302743,52.156094,8.9582405
300033,51.790966,9.718963
300304,51.161156,11.831055
300584,52.010693,9.231781
301059,51.94291,9.745183
302916,52.07936,10.061267
300244,51.770313,8.11549
300847,52.326443,9.667366
302639,50.79425,11.941838
302824,50.50578,7.695885
300450,52.10381,10.062947
302518,51.913864,7.663258
300649,52.654556,8.349509
302278,51.90534,9.879679
302252,52.061264,9.698638
302458,52.167454,9.962006
301065,52.13103,8.488535
302517,51.07843,9.389371
300010,51.852047,8.301588
302268,51.872543,9.932634
300013,52.30693,9.974009
301775,50.436916,12.00698
302651,52.01083,9.5512495
302320,52.33234,8.942125
301443,50.644455,7.8810606
302183,52.162964,10.004493
301237,50.727127,7.684234
300167,52.204105,9.157481
302106,51.662304,9.713374
300800,52.030342,11.4620695
301992,50.357853,7.663258
300805,51.98825,10.110265
301739,51.19675,9.342514
302406,52.293003,9.964136
300196,52.144386,9.634365
302152,50.551323,7.912991
300197,50.496803,7.729054
301225,52.522816,8.671899
301204,52.03643,9.595618
300496,51.759785,10.091764
300110,51.932343,10.013082
301533,52.173187,10.44496
301101,51.912895,8.706394
302912,52.113922,9.460372
302924,51.78324,9.115302
301575,52.20326,10.200557
300854,50.589607,7.633673
301907,51.7132,9.114504
300508,52.099117,8.768608
302779,51.53122,10.39774
300231,52.522297,7.9527726
301390,52.249634,8.767827
301550,52.06174,9.998524
301972,51.62758,9.807203
300767,52.119736,10.214311
300389,51.79314,10.0582695
302902,52.276543,8.627534
300241,51.582115,9.812317
301444,49.32806,7.999528
302599,50.18961,7.891961
301768,52.212986,10.033191
301587,52.08517,10.032593
301112,52.03548,9.773091
300693,52.32186,9.65918
302173,51.25281,10.488632
302621,52.03096,10.001586
301277,52.275124,9.962507
302984,50.70932,7.6990232
300582,51.6691,9.542582
303123,51.27674,9.642672
300499,52.337563,9.741744
302694,51.968124,7.902209
301829,50.403034,7.5883417
301510,51.63651,9.1742525
302348,52.49589,8.880159
301288,52.166153,9.741394
302979,51.78969,7.8235426
302881,51.252983,7.9903283
302159,52.613045,7.792775
300540,52.038498,9.298822
300071,52.29581,10.21187
302387,51.88963,8.762855
300229,52.182747,9.705652
300503,51.716496,9.727844
300461,51.87513,9.828769
300694,52.11351,9.66214
303055,52.12123,10.089771
301564,50.53841,7.663258
300807,52.06161,8.217049
301644,52.036457,10.631993
300453,51.08201,7.7053046
302720,52.403305,8.837548
302647,52.108826,10.536427
300526,50.370235,8.225487
300397,51.996593,9.677464
302695,52.212345,9.716526
300606,52.020767,9.688375
302519,52.14419,11.590458
301823,51.870182,9.937312
300165,52.13756,9.115611
303010,51.95285,9.811633
301215,52.2759,9.977221
301051,51.84132,9.9669695
300803,52.268738,10.425414
300138,50.471478,7.6601105
301457,51.849384,8.473188
300676,52.069992,10.016919
301666,52.094852,9.945528
300085,51.82916,9.217503
300037,50.699394,11.80129
301567,52.097084,10.107767
303061,49.95681,7.633673
302642,51.855278,10.157082
301061,52.143852,9.411886
301307,52.390057,7.7977233
300190,52.109425,11.271803
300924,51.057156,7.663258
300385,50.11098,7.6332273
301194,51.664383,9.852033
301410,52.10124,9.708067
302075,52.08331,9.018251
302186,51.146946,10.31052
301409,52.127224,10.147552
303039,52.0862,11.502832
303012,51.85687,9.585153
302167,51.802338,9.943273
302740,52.062046,11.5368395
302121,52.154716,7.7630763
302062,51.879715,10.165625
302959,52.697674,7.6569724
301687,51.776012,9.858792
301847,52.552906,8.984022
301111,50.787956,7.633673
301747,51.17415,7.7724814
301161,51.325806,10.039201
302868,51.784554,8.135427
301782,52.199448,9.958326
302213,50.521095,7.756943
300746,51.16922,11.009987
302015,52.266872,9.995343
300122,51.97571,10.325909
301273,50.404205,7.684234
300951,52.246387,9.947176
301653,52.078056,10.357192
302384,51.88735,9.654922
301148,51.56845,9.259682
302719,52.106197,8.881021
300783,52.326626,11.722995
300166,52.21854,10.522649
301844,51.870525,9.97623
301964,51.38211,7.6301947
301262,51.92914,10.078928
301037,52.637794,7.7588105
302764,51.75277,9.75537
300070,52.231323,9.888517
301142,51.968884,9.079792
300462,52.157665,11.706197
300839,50.35843,7.7053046
303066,52.46058,7.7977233
300388,52.08933,10.306712
300287,52.57768,8.163129
301426,52.237183,10.07561
300547,52.060883,9.593397
302321,52.097084,10.259449
300353,51.593838,7.9522176
301052,51.738495,9.250418
301425,52.130257,9.805639
301765,50.367935,7.6183724
302463,52.29517,7.7393126
300530,52.427845,8.861453
301525,51.911938,10.094271
300466,52.427067,7.8659563
300642,50.252647,8.479328
301934,52.350864,9.109438
300521,51.844173,11.4620695
302629,52.55426,9.238601
300501,52.074352,9.962007
301459,52.42058,9.962292
300704,52.084435,9.276945
301036,52.165176,9.881227
301203,51.791454,9.110096
302897,52.312088,9.179576
301075,50.514027,7.663258
302483,50.828102,9.145756
302154,51.46274,10.032769
300733,50.5695,9.848066
300675,52.231213,8.513028
302999,52.473476,10.081406
302910,52.604767,8.097551
301192,52.01535,10.431585
300869,51.94893,9.707324
300552,50.598248,11.963454
301662,50.605213,7.684234
300384,50.50096,7.5883417
302872,52.038498,9.298743
302784,51.418144,8.002235
301353,51.930077,8.5315895
302270,52.21457,9.910325
300399,52.3438,7.7528377
302748,51.850075,9.916505
300566,52.218166,9.428148
303004,51.95921,9.21455
302457,52.25494,10.100037
301298,51.921543,10.127032
302625,50.27665,7.56793
301762,52.056423,10.216881
301000,51.917843,10.177533
300781,50.506588,11.592153
302453,50.581696,7.746892
303047,52.54912,10.318407
302601,51.717285,10.048954
302371,51.61035,9.541869
301950,51.932343,9.92421
301872,50.72922,9.428596
300386,52.022896,10.035996
301421,52.001034,9.068657
301885,51.566525,9.464506
302292,51.915188,9.998727
301924,50.471478,11.931801
301710,52.0862,9.088996
301668,50.500423,7.7588105
302176,50.787537,7.8485794
302587,51.839996,9.945186
301342,52.321007,8.5553255
301845,52.457657,9.998235
300427,51.864277,9.605198
300682,51.88908,8.979402
301848,52.249786,11.551422
301820,50.75578,7.729054
300282,53.067245,9.136029
300820,51.53406,9.99606
302009,51.927223,10.043773
302510,52.262108,7.6833577
300405,50.550472,7.92104
301481,52.17396,10.189095
301745,51.662575,10.132567
303050,50.994938,8.581512
302266,50.359135,11.951891
301219,52.327457,10.314002
300447,52.013855,10.011871
302390,51.61722,9.487929
302509,52.1261,10.82381
303079,52.119736,10.185582
300780,52.01595,10.11544
302145,52.014217,7.8357115
301570,52.318413,9.07124
301855,52.214832,10.3218975
300254,52.26076,9.148986
300479,50.869114,11.059901
300513,52.12207,9.99651
302608,52.114506,9.591026
301027,52.076244,10.053047
302715,50.497536,7.765096
302031,52.27253,10.050619
302334,50.86743,7.695885
300957,52.180897,7.769866
302940,50.56468,11.7006
300203,51.216232,11.7789
300154,52.1811,9.897453
300534,52.16712,9.452116
300341,52.552906,8.296446
302648,51.64089,10.266551
302978,52.146492,10.142526
302235,52.217583,9.960431
302006,51.946163,10.013112
300569,51.716496,7.8071427
302078,50.93615,7.663258
300053,52.478363,10.38652
300608,52.326714,10.018085
300131,51.90462,9.168643
301227,52.53813,9.797929
302610,50.610256,11.951891
300819,51.937347,9.953163
301077,52.153633,8.907881
300459,52.400036,9.58408
301255,52.19742,9.892436
303105,52.697674,8.237097
302368,52.075657,9.321755
301776,52.59959,10.906773
302018,52.300407,10.026447
302742,52.193893,10.355132
302105,51.017467,8.791599
300148,52.0432,9.679757
300910,52.28637,9.724759
302008,52.145428,10.105932
300422,50.53142,7.695885
301954,50.59316,7.714265
301654,52.590717,8.350443
302521,52.089787,10.241274
300093,52.281944,10.658968
300689,52.35683,10.004493
301590,51.64703,10.350412
300892,52.22006,9.626334
300115,51.914227,9.01132
303069,51.004337,9.749953
302423,50.90577,7.5943146
302196,50.337376,9.163158
301109,52.652546,7.7066855
302829,51.95779,10.068743
301971,52.048115,10.305032
300737,51.94628,9.932056
301927,51.42706,9.679517
302908,50.628212,11.963454
300358,51.759197,8.26519
301411,52.226192,10.083069
302772,50.471478,7.633673
302535,51.95334,10.262425
300604,51.926632,8.189306
301833,51.349545,9.809354
300174,52.19302,8.5174055
303000,52.194923,9.845085
300558,50.75229,9.360678
300663,51.962852,9.877788
302131,52.105095,9.956295
302108,52.060883,11.396276
302109,51.996826,10.014213
300563,51.6001,10.18819
300500,51.89803,10.080654
302844,52.467815,7.695885
302898,52.20609,9.947686
300636,52.18441,10.056775
302206,50.44563,11.93159
300650,50.416103,11.931801
301898,52.495747,8.28179
300610,51.64609,8.597116
301362,50.3498,7.663704
302947,51.791454,10.121237
300097,50.567383,11.963454
302045,52.636013,7.881899
300668,51.360672,10.860673
301383,50.48004,7.620969
300473,50.239086,10.550284
301378,52.152325,8.930238
303081,51.858475,8.866652
300481,51.796665,9.0474415
300863,51.205982,9.4703665
302233,52.265972,9.209241
301389,52.308815,10.129764
300766,52.587852,10.277303
300829,51.570065,9.974498
303016,52.180534,9.939981
300265,51.43112,10.083462
300614,51.531574,9.750057
301916,52.122875,11.322955
300701,51.593826,9.242471
301105,51.979122,8.14683
301819,52.273144,10.4217205
302864,50.92549,9.043742
302630,52.0544,10.360705
300692,52.119396,9.088232
301382,51.305134,9.106916
300124,51.717247,9.385047
302052,51.535954,8.480358
300029,51.022808,7.714265
302666,52.365078,10.300039
300842,51.41325,10.263019
302974,51.45288,9.952175
301930,52.10721,9.656108
301164,52.149525,9.812499
300235,51.501255,11.636042
300516,51.974712,9.488555
300885,52.031906,10.311076
301746,50.63207,8.079048
300822,50.367935,7.770249
301365,51.636936,9.346987
301970,52.28902,8.004982
302911,52.446533,8.109279
300169,52.337563,10.079845
300284,52.06554,9.848393
302634,52.028316,10.060737
301734,52.4645,10.000072
302936,51.120323,10.237254
301200,52.131607,8.405425
302830,52.089794,10.011153
302760,51.64089,9.667006
301180,50.505745,11.931801
301552,52.475925,10.272667
300761,51.89865,10.182016
302269,50.325108,7.663704
301151,52.13408,9.590392
302620,52.498356,7.7053046
301057,51.95285,9.369161
301846,50.528072,8.010393
301358,52.093285,10.234704
303045,52.604767,8.913521
302202,51.79154,9.279707
301520,52.42769,9.585629
302583,51.778313,9.081377
301890,52.06554,9.462818
301766,50.56003,7.6269417
300157,51.920948,8.850154
302486,51.716465,9.773863
300210,52.233192,10.187128
301979,52.642624,8.028883
300019,52.048367,9.899805
300933,51.582043,8.080794
301019,51.940815,9.146269
303125,52.093876,9.3547325
302158,51.989437,10.767337
300523,50.990158,7.690141
300271,52.00905,10.145531
301664,50.41262,7.7977233
301926,52.147205,9.706337
300950,51.502037,9.738141
300715,51.29814,9.450542
301377,52.167454,10.071588
301754,52.190056,10.255746
302745,51.02702,8.40181
302791,50.25203,10.0347595
300724,52.09863,9.995772
301125,51.11931,8.262715
302324,51.348644,9.277089
301618,50.418423,7.6569724
302879,52.037724,9.976029
301258,52.127464,8.958152
301396,50.629242,8.043479
301505,51.98851,9.821044
303120,50.900307,10.390839
300930,52.29068,9.800045
301139,52.318382,9.412652
300237,50.41136,7.633673
302356,51.767204,8.232972
301875,52.360397,10.388395
302537,51.758198,9.018251
301054,52.326805,11.430759
301987,52.245346,7.695885
301370,52.093845,9.589857
301373,52.71267,7.780061
300719,51.107643,7.714265
300191,50.505978,7.642647
302569,50.627583,7.663258
300058,51.86904,9.029048
301861,51.988277,10.011417
303089,51.909203,9.956561
300047,52.07936,9.592219
301490,51.687576,9.230082
301433,52.07936,10.124119
301279,52.333107,10.383639
300313,51.799507,9.54593
300083,50.594917,11.836599
301568,51.960346,9.961287
300051,50.871918,7.5943146
303035,52.364246,9.886559
300478,51.114853,9.621374
301877,52.0273,10.323412
300956,52.105347,9.964136
301897,50.893566,12.462801
300759,52.309628,10.210384
301407,52.0938,9.913778
300318,50.66852,7.6569724
302401,51.959465,9.737452
300063,52.180534,10.1622
302963,52.19421,9.930042
300851,50.513714,7.8260016
301076,52.033787,8.346697
300163,51.286053,7.663258
301667,51.213627,8.883147
301889,52.128056,8.123371
300201,51.57336,8.982054
300335,52.052223,10.305032
300684,52.28209,10.393481
302557,50.89999,7.7417684
302679,50.71195,10.937132
302820,52.20207,11.493723
303032,52.22968,10.176077
300316,51.96293,10.644884
301579,50.927364,8.439449
301799,51.931664,9.575463
302548,51.778446,8.089521
301384,50.588997,7.684234
301130,52.119587,9.817381
300378,52.02446,7.9400077
302782,50.18448,7.663258
302347,51.49294,9.187257
301413,52.24013,10.073726
301677,52.75203,8.042725
301650,51.16217,9.130957
301705,51.716496,8.838721
300750,52.36432,10.098373
302706,51.931805,10.006475
302116,52.330715,10.689502
302313,51.765987,9.735348
303036,52.093063,10.158786
300728,50.83571,9.412697
301314,52.61742,9.053927
300887,50.865135,8.794926
302101,51.897648,9.244743
302571,52.067154,9.766945
301801,51.38283,8.117969
300285,52.471928,7.84873
302480,50.070435,7.633673
300849,51.297695,9.470775
300798,50.88838,9.713904
300616,52.144672,9.981643
300283,51.86056,9.7171755
300446,52.64889,8.848965
301532,51.395035,8.519182
302551,50.472107,11.931801
301903,51.38975,7.8713813
300158,52.317562,9.748848
302161,51.907463,9.937428
302194,51.340725,9.7514305
301702,52.213844,10.303841
302153,51.702816,9.91618
300330,52.352325,7.80419
301605,52.473476,9.388822
300212,52.093155,9.469374
300136,51.789425,10.670005
301648,51.26212,9.844985
301066,50.69968,12.139179
301346,51.929073,9.982772
302358,51.843765,10.000158
302262,51.615116,9.431053
301278,50.63064,7.663258
302447,52.161503,10.287426
301652,52.526432,10.265112
300344,51.045925,8.507641
301083,51.858482,9.359694
302281,50.338306,7.7308903
300238,51.82247,9.13888
302983,51.065956,8.31415
300436,52.064117,9.901485
301213,52.01535,9.388026
302934,50.860535,10.731198
301753,50.505116,11.902592
300072,52.043728,8.266263
301452,52.140236,8.495409
301462,52.44068,9.47794
300290,51.778313,9.706316
302001,51.447678,8.362471
302843,51.80237,10.106104
301391,50.654823,7.944583
301919,50.88659,7.8085237
302120,50.338306,7.633673
301412,52.0698,10.298135
302434,52.115295,9.991867
301727,51.22446,9.0542555
300823,52.05528,10.073726
300145,51.084366,7.97721
302346,51.937695,9.8991585
301826,52.136208,9.829431
302964,51.03374,10.154398
300598,50.66961,11.586608
301371,51.994045,8.814171
300835,52.321926,9.86634
301497,51.98851,9.799474
300425,52.163517,10.0998335
303073,51.902756,9.899905
303122,50.730328,8.980838
300280,49.768623,8.305735
301733,51.74029,9.998524
301241,52.35683,9.938958
302968,50.471478,11.774818
300966,51.30365,8.096357
300220,52.697674,7.7977233
302023,50.56383,7.5883417
300132,50.505745,7.6243453
302931,51.64081,8.438794
302020,50.67343,8.083956
302443,52.207077,9.606925
300618,50.655807,7.606843
302459,50.967377,9.724569
300128,52.287697,9.728418
300677,50.68143,10.559884
301466,51.054985,8.586825
302909,52.013077,10.960934
300272,52.144672,9.887737
302649,52.09178,10.029912
301208,51.858948,8.585522
302053,52.152443,10.323861
301632,52.010033,9.615692
300916,52.047104,10.0776205
300515,51.893673,10.669454
300502,50.640793,7.7261834
301529,50.315876,11.46004
301698,52.300407,8.841339
302768,51.85457,10.00312
301287,52.001835,9.723976
302977,52.23469,9.204313
302446,51.571484,8.9953575
302200,52.136208,9.833418
300021,50.92575,9.954954
301858,52.730713,9.41428
300449,52.00621,9.954469
300953,50.471478,11.931801
300560,52.123077,9.511356
302132,50.832203,8.075605
302164,52.17207,10.105731
302899,52.18623,9.833007
302837,52.421185,10.020575
300884,52.10568,10.083069
303115,52.013855,8.8770895
300740,51.03221,8.5090275
300194,52.14134,9.494701
301440,52.183483,10.332254
300969,52.343678,9.256177
302738,52.66495,8.0672455
302869,51.955254,10.102023
301680,52.011955,11.140762
300888,50.20378,7.633673
301818,51.82692,9.453494
301980,51.684555,9.44427
302749,50.50578,11.931801
302543,52.115005,9.841385
302327,51.32204,8.237814
302726,52.439987,10.255416
300440,52.05546,9.38626
302010,52.210236,7.8790264
301072,52.300407,9.812578
300420,52.1883,10.119205
300352,50.204605,7.8003707
302420,50.625565,8.443356
301569,52.089787,9.794872
302122,51.903595,10.073148
303097,52.168095,11.103382
302405,52.23473,10.695919
300364,52.06072,9.07124
301403,52.014427,9.851288
302409,52.08839,9.576035
301594,51.121296,10.70457
302110,52.6866,8.811837
302954,50.526756,7.830892
300342,51.872433,9.835787
302507,51.256115,10.226931
300591,52.100494,10.191344
301251,52.085648,10.225455
301500,51.950684,8.782643
303127,52.102657,10.382674
301146,51.62298,10.721658
300528,52.122646,9.447109
302976,52.09163,11.760844
300651,51.927605,9.194134
301735,51.857796,9.229627
300897,50.67467,8.0110035
302850,51.208115,7.84873
300421,52.684258,7.8071427
300305,52.115498,7.987524
301465,51.073742,8.038645
302366,52.57818,7.7528377
302283,51.866646,9.805267
300205,52.229942,10.124748
302988,51.99963,9.85301
301364,52.21501,9.90247
301376,52.113853,9.663566
301928,52.101963,9.98285
300509,52.52166,10.342936
303046,50.393257,7.7184086
300232,51.94355,9.757753
301807,52.194923,10.480939
302251,51.945206,8.971991
300700,51.86604,10.465416
302849,51.65102,9.874042
303026,50.22314,7.6332273
302191,52.166473,10.354001
303087,52.40284,8.795468
302527,51.866196,9.879096
300980,51.657776,10.019978
300096,51.98292,10.419945
302492,52.1886,9.957262
302766,50.391254,8.027111
301244,52.036457,8.444641
301691,52.051765,9.992905
300363,52.27559,8.569657
300546,50.50641,11.931801
301115,50.808414,7.915921
301834,52.11739,9.032211
301917,52.00254,9.451407
301531,52.120308,10.323518
300920,50.32873,7.6243453
301583,50.909378,9.554996
302708,52.178627,9.987409
300441,52.282566,9.96841
300830,52.20172,9.410219
302379,51.921124,10.19033
302970,51.604156,9.373223
301263,52.064613,10.252727
302564,52.276707,10.114664
301020,51.84943,10.629377
301738,52.508133,10.2154455
300688,52.29103,7.8576546
300772,52.07097,9.610865
300359,52.29234,8.480322
302836,52.26187,8.431117
301656,51.958794,8.215666
300200,52.058174,9.67714
300912,51.827892,9.44138
300164,51.96032,9.869625
302508,52.66495,7.9872003
303060,50.594574,7.6663003
300356,51.673252,9.399711
300601,51.830753,10.230038
302815,50.642776,11.681821
300152,52.24745,10.106104
300345,51.244682,7.6332273
301588,52.301613,9.881151
303020,51.923462,10.266105
302452,51.345024,7.738826
302216,51.6789,7.936463
302253,51.572086,8.405491
301638,52.052223,9.964769
300491,52.008175,10.270825
301973,49.456726,10.332729
301143,52.077374,10.15849
301128,50.542698,7.6659074
302528,52.163013,10.058542
302127,51.947914,9.378149
302700,52.06554,9.447
301357,52.42473,10.106803
301996,51.26001,9.350785
300008,51.88185,7.9821796
302713,51.685444,10.179969
302355,51.7868,9.660353
300393,50.428883,9.6139
302617,50.939953,8.097503
301126,51.962852,10.055297
302882,52.162964,10.311555
302272,52.19882,9.996469
302705,51.738716,10.016919
300815,51.585854,9.59944
301675,50.359135,7.633673
300371,51.653786,8.08617
300587,52.114174,9.962376
300879,52.071636,10.389294
300269,51.447758,7.663258
301245,51.352818,9.910676
300729,52.408283,8.894976
300993,52.082962,10.157903
300544,52.101963,10.454563
302570,50.48251,7.5791545
300671,51.250782,8.998544
300256,52.321926,9.709522
302435,52.27444,10.122224
300415,51.927643,8.741926
301958,52.413956,10.849473
302095,52.074783,9.947686
302448,52.181606,9.803149
302210,52.71435,8.22298
302211,50.79401,7.6502705
300958,52.08481,9.244267
300035,50.586124,7.6117816
300255,52.331703,10.009776
302847,50.976868,7.6186047
302039,52.074352,9.908628
300574,52.152176,10.04134
300988,52.043926,10.0396385
302956,52.101963,9.21812
300685,52.215904,8.398876
302767,52.09652,9.96271
302787,51.517662,7.6841683
301319,52.05908,9.846365
301599,52.072388,9.940844
302408,51.389824,10.030961
302662,51.727062,9.808866
301681,51.75475,10.011326
302876,51.966118,10.040326
301701,50.95196,12.319463
302582,52.095093,9.373542
303043,51.751354,9.58891
302444,51.8647,8.386701
301757,52.116505,9.905976
302439,52.295197,10.734877
300511,52.185886,9.312359
301120,50.64856,7.8411508
302674,52.112328,9.145756
301211,51.37477,8.560338
302807,51.930767,10.054419
301960,50.594574,7.7066855
302709,52.233105,8.845446
300016,51.89028,10.073651
302598,50.392803,7.6509995
300592,52.11272,9.976196
302035,50.475037,7.5943146
300518,51.980167,10.584275
302937,50.4443,8.56198
301780,52.327164,7.7977233
302523,52.17816,10.065121
300490,52.297592,10.771059
302637,51.33305,7.663258
301884,52.269054,9.837845
302087,52.263924,10.274056
300698,50.559456,8.146239
300060,51.71191,9.889799
301726,52.01535,8.238693
301670,51.1144,8.800319
302860,52.056416,10.042833
302227,51.879448,11.051674
301929,51.91687,10.077957
303111,52.040035,9.688011
301136,52.440628,7.8824544
301331,51.93025,10.022832
301336,52.676205,8.0594425
303008,50.67896,7.6833577
301062,52.175495,9.991757
301294,51.256416,9.973611
301099,50.467194,7.6526127
300960,51.72308,9.152509
302326,51.6333,8.992485
302335,51.78613,10.734494
302884,50.791573,7.8411508
301817,51.403797,9.694777
301156,50.744434,8.9394245
301522,52.136898,10.124259
300337,52.203938,10.058142
300626,51.32719,7.7977233
300699,51.929752,9.77626
302981,52.081753,10.353153
300646,50.35354,7.633673
301026,52.16825,10.285505
302412,50.78729,9.974739
302505,52.167454,10.185582
300216,52.67356,11.223629
302712,52.311172,11.68791
301949,52.12621,9.692577
301222,51.013264,9.893478
301603,52.17948,11.695412
300226,52.21432,8.144678
301563,52.098846,10.149405
300084,51.74554,8.49229
300788,52.124744,10.244953
301380,52.038498,9.570554
300043,52.386154,8.50819
300712,51.972347,9.845754
300373,52.29068,9.931225
303116,52.157032,9.995028
301173,51.876293,10.257603
300113,52.140236,10.023702
300934,50.66789,7.7919793
301235,50.415474,11.963454
300442,51.466095,10.669115
302466,51.791454,8.906282
300438,52.115295,10.135092
302701,50.373386,7.663704
301900,52.00254,9.958295
301978,52.154987,9.13532
301134,50.626877,7.7393126
302554,52.170837,10.189663
301778,52.34711,8.633928
300734,52.069633,9.812095
302019,51.913666,9.672979
301619,52.34006,9.796938
300785,50.96401,10.272
301808,52.083954,11.612343
300472,51.2629,8.526813
303112,51.965805,10.051244
302961,50.981167,9.123183
300790,52.069187,9.501288
302242,50.45427,7.695885
300895,51.626965,10.298899
301091,51.642597,9.751769
301201,51.898724,10.153189
302724,51.677002,9.584578
300603,51.670437,7.633673
300543,50.301613,7.6183724
300484,52.443474,10.263331
302139,52.651535,8.839986
302338,51.593327,9.927166
303102,52.04294,9.911162
302250,51.971302,9.300455
303117,50.35747,7.663704
300914,52.292343,9.9920435
301683,51.992916,9.744119
300962,51.68629,9.304003
300171,50.752907,7.7066855
300176,50.762714,7.9970946
302354,51.948593,10.194969
301504,52.150345,10.0920315
300922,50.41704,7.633673
300486,50.47642,7.714265
302756,50.540054,7.5619574
301940,51.93339,10.634472
301748,51.070824,7.663258
302585,52.080578,9.837955
301367,51.95921,8.598757
301345,51.60982,9.1219
301187,52.628857,7.729054
302526,50.415474,7.6243453
301580,52.12621,10.121671
300595,52.40798,9.136158
303044,51.817883,9.950312
303095,52.105476,10.324189
302141,51.473877,9.755111
300743,51.649635,10.362671
303067,52.46923,11.551422
300082,50.452602,9.600722
301720,52.015984,9.73891
301547,50.28802,7.6990232
301159,52.31243,9.742119
302565,52.135567,8.460003
301771,51.85042,8.809966
300713,51.78046,9.904018
300146,52.190056,10.6358595
303085,51.517662,8.160176
302894,52.010044,10.089147
301909,52.269054,9.817365
302703,51.84346,10.069048
301797,51.467735,8.973498
302287,50.512714,7.6332273
301402,52.170246,9.615898
300488,52.646435,7.6569724
300559,52.175472,9.922144
301202,50.207214,7.6990232
302234,52.306835,10.380825
301718,52.42519,10.06796
301785,50.693573,8.93117
302922,52.423714,11.075117
302741,52.54167,10.682953
302277,50.55123,7.8653603
300319,50.58753,7.56967
301283,51.637424,9.812458
300030,50.48213,10.179168
300565,51.823147,9.8239355
301458,52.077026,10.015665
300609,50.489197,7.7334914
301461,52.185116,9.008665
300334,52.306835,10.016919
300577,52.133053,8.56638
302024,50.452232,7.6990232
300087,51.054405,9.385354
303118,51.36533,7.8063607
300347,52.376545,10.446169
300456,51.71996,9.901054
302399,52.338783,8.26907
300428,51.105732,11.208432
300381,52.153347,10.204212
300628,51.00116,7.665336
300092,52.321926,9.97237
301596,51.932343,9.657642
302866,51.42373,9.645228
301023,51.422546,9.715235
300007,50.216843,9.534006
300664,51.85872,8.660493
300321,52.571083,8.306344
301082,51.98089,10.234704
302135,50.600353,7.663258
302222,52.331596,9.99249
300918,51.94628,11.5391655
302332,52.19667,10.565863
300731,50.77721,7.835599
301344,52.279583,9.6624155
300736,50.498554,8.001433
301767,52.048115,10.169832
301821,52.136208,10.117599
301324,52.33544,8.307011
301961,52.260952,10.201752
301994,50.790684,9.617672
301758,50.07746,7.663258
302992,52.051136,9.978681
300076,52.029526,8.942874
302198,51.77753,10.141339
301869,52.083847,9.827683
301674,52.181656,10.113001
302322,51.994892,9.833068
300891,52.66495,7.7053046
301451,50.615677,7.6243453
302442,52.507317,7.9675756
303027,51.02891,12.0040455
300965,50.909378,8.002814
301614,50.525414,11.774818
302840,51.971127,9.309056
300903,51.74554,9.932469
300015,50.512108,7.5883417
302905,52.20813,10.34831
300374,50.707993,11.771067
300710,50.05081,7.6332273
302074,51.7348,9.970918
300633,52.209812,9.33353
300228,52.152214,10.256157
301435,50.875652,8.824472
301167,52.320324,10.371622
301152,52.281933,11.789364
301888,52.263924,10.13448
302839,52.5145,10.133114
302123,50.354702,7.6399302
302071,51.704445,10.465695
300751,51.808804,9.449768
303029,51.64609,10.466629
302044,52.133007,10.357314
302049,51.860035,8.552192
302718,51.671673,9.36665
300310,51.958622,7.695885
301450,51.768433,9.572191
301896,50.51417,7.859227
300705,51.6666,10.135201
301977,51.94486,10.02037
302425,51.012383,9.488664
302547,52.38703,8.737001
300003,50.363815,8.583389
301781,52.308815,7.97721
300947,51.294052,9.634799
302831,52.476414,7.7227464
301557,52.04294,10.032579
301665,50.75059,7.746892
301453,50.634445,7.6509995
302883,52.37155,9.918439
301199,52.625473,7.8767076
302871,52.047062,9.889936
302372,52.048115,10.779837
300549,52.379314,10.314841
301906,51.94291,9.74727
300251,52.526863,10.841403
302260,52.21514,10.098351
301001,51.12506,7.7829204
301684,52.139816,9.89639
300665,51.965015,9.76694
300303,51.623745,9.557548
300293,52.280243,10.361629
301894,52.205566,9.3826885
302921,51.912895,10.115965
302546,51.96032,8.786796
300193,51.451515,7.7417684
301646,52.2965,10.948525
301468,50.55939,7.82414
301559,52.01595,9.177373
302375,51.26258,8.436825
301348,51.50786,8.066534
302331,52.483913,11.800244
302083,52.005306,10.194556
300296,52.28942,11.491994
301356,52.218166,9.790081
303053,51.979195,9.7696705
300898,51.20934,10.109596
302469,52.00777,10.240248
301624,51.954006,8.827425
300153,52.342182,10.152224
301119,52.088593,9.71628
302941,52.092644,10.216398
300326,50.4377,11.912629
302474,52.000828,9.174028
300529,51.55781,7.834199
302168,50.680153,11.963454
301309,52.237434,9.742604
301329,50.864933,9.413564
302943,52.3191,9.08163
302042,51.51225,7.791903
301905,51.672825,10.201656
302067,51.971138,9.577803
300695,52.167454,9.960431
300471,50.445,11.896926
301190,50.02959,10.121053
300619,51.75654,10.036701
301975,52.184105,9.918178
301257,52.119385,10.013392
300111,50.433655,8.651556
302874,52.0337,9.987409
300727,52.373,9.720131
301197,51.52234,9.6692295
302293,50.625565,7.7792225
300989,52.58939,7.97721
301080,52.275585,10.13737
301008,52.207077,9.171262
300291,52.20672,10.13367
301448,51.424862,7.919409
300711,51.992508,9.643634
302687,51.616104,10.304438
302678,52.16541,10.19486
300926,52.252563,10.298847
300367,51.445168,9.493684
300809,50.87805,7.663258
302828,50.56333,7.765096
301744,51.74071,9.436917
300531,52.29517,9.878116
301073,52.04336,10.143366
300095,52.012184,10.136501
301581,52.216873,8.270479
300375,51.91066,9.239943
301464,51.64609,8.834596
300886,50.67599,7.663258
300739,52.05832,9.902316
300369,51.956234,9.799334
302722,51.847702,10.114388
301416,51.91887,10.464303
301196,52.1259,10.279639
301184,52.553753,7.729054
300747,52.128918,7.9311576
302014,51.04557,10.291508
301712,51.302464,7.902209
301312,50.583576,7.663258
300787,50.64443,7.6332273
300243,51.234066,7.87467
302907,52.04224,9.731054
301488,52.05013,9.910843
300599,51.67032,8.004646
302704,50.612663,8.386901
303082,50.415474,7.7066855
302419,50.440487,10.334121
302237,52.43455,10.077115
300553,50.851864,8.46925
300870,52.08323,8.070776
301230,52.060883,9.874078
301103,50.512108,7.5883417
301335,51.56194,8.800366
302175,52.283543,8.078209
300383,50.593906,9.372809
300333,50.551323,7.8589964
301236,52.604767,7.915921
302341,52.68076,8.242346
300001,52.26266,8.041597
302805,51.90462,9.720897
300027,50.99499,9.391015
302506,52.25494,9.496482
301124,51.916424,8.258816
301221,52.065273,9.130408
302817,51.243885,8.549408
301714,52.588295,9.120917
301113,50.937958,8.913316
302717,51.959698,10.061933
302804,52.507572,7.765096
302489,52.366776,9.018969
300795,50.927086,8.442392
301554,51.44507,10.442762
300690,52.263298,9.791622
301043,51.161064,9.98986
303103,52.12808,11.048278
301636,50.463135,12.012543
301098,52.144672,9.46986
300221,52.244144,10.381578
301476,52.084972,7.8071427
303092,52.12207,9.889884
303098,51.46351,9.828837
302538,52.004818,9.632788
301087,51.805264,8.256418
302818,52.140503,9.446785
300752,50.82361,7.5943146
301228,51.411194,9.992898
302391,51.238373,8.025013
302360,52.028656,9.160869
301218,52.29517,10.118545
301751,51.068077,9.818931
302761,52.287697,11.519769
301306,51.69924,9.994819
301527,51.865406,10.193924
301313,52.301342,10.202478
301759,52.636013,7.8411508
301106,51.798237,9.131923
302989,51.42579,10.233007
301631,50.445,7.684234
301728,51.471077,10.571511
300770,51.968025,9.737631
302298,52.195564,10.523696
300605,51.154907,8.11549
300396,51.44022,9.724464
301249,50.140556,8.930441
302575,51.17346,9.1500025
300292,51.73349,9.835103
301943,50.29528,7.684234
300430,50.85197,8.723291
301469,52.190056,9.9348135
302623,52.076244,9.545693
302114,50.563587,11.931801
300542,52.23781,10.6417
300350,51.738323,8.757192
300963,52.205967,10.269243
301035,51.34124,10.027059
302757,52.588295,10.038592
302011,50.708008,11.831055
301030,52.297047,8.048328
300802,52.329117,9.8073015
302846,51.09958,9.634242
302357,52.07936,9.82691
302289,51.73509,9.980005
302040,52.25961,8.069298
302515,51.34566,9.923828
301725,51.115025,9.224371
300391,52.11412,9.862249
301069,51.20053,8.033377
300999,51.629875,8.024975
300094,51.651398,8.715
300261,52.115185,10.084024
302520,52.148827,8.405264
300624,52.108944,9.9753275
302859,50.6234,11.963454
300127,51.208603,9.668902
300940,51.89419,8.129864
302628,50.743843,7.714265
302540,52.3286,10.175533
300765,50.95347,8.894293
300990,52.66119,9.554906
301561,51.432507,9.553975
301586,51.43802,9.3155
300382,52.684258,7.690141
302762,52.180534,10.342614
301760,50.395233,7.695885
302885,51.870525,9.627464
301772,51.756405,9.508785
302671,51.151287,9.1427355
302614,52.34498,10.360236
301763,51.963875,8.8129015
301154,52.138897,9.801973
302436,51.764748,9.977282
303019,52.0544,10.356323
301193,52.391888,10.017215
301301,51.967155,9.897115
300123,50.41199,7.6332273
301715,52.051765,10.176077
301350,50.627487,9.29725
301316,52.23781,10.000158
301233,52.067623,10.210265
300742,52.383698,10.529241
300859,51.870525,8.776707
301292,51.768272,9.217666
301891,51.87513,9.9494505
303113,51.768433,9.895127
300756,52.01595,7.7861986
302980,52.652546,7.85971
300796,51.932343,9.633001
301915,51.15569,11.4916
302622,51.79438,8.522083
302971,50.44958,7.676655
303040,51.296757,8.280008
302563,52.521194,10.010938
301857,50.652653,7.684234
301659,52.13736,9.9714365
303131,52.185474,9.986064
300126,50.74141,9.688519
301293,51.582043,8.721709
302878,51.880146,9.548499
302204,52.41344,9.073274
300106,51.581093,9.465109
303068,50.75983,7.729054
300159,51.829575,9.711867
302926,51.830753,9.778027
302350,50.827488,7.7001343
302325,52.143486,8.237097
301811,50.432816,7.936178
302475,50.428226,11.963454
301220,51.12594,7.8138957
303031,51.84363,9.144327
300873,52.79931,10.083069
300276,52.105892,9.428633
302627,52.278534,9.4075575
301070,52.14193,9.822761
301005,51.023,9.944993
303003,51.319813,8.417182
301911,52.275063,10.245691
300467,50.471478,7.633673
301025,50.7875,7.738968
302267,52.362972,9.992272
300380,51.156425,9.994922
300792,52.554665,7.5931697
301478,52.58334,9.937363
301717,51.967155,9.80419
301253,50.61145,7.7417684
300732,52.17583,9.970298
300862,50.919884,7.7528377
302933,51.579967,9.165358
301183,52.558144,9.383541
300555,52.148186,10.108741
300049,51.813553,9.40474
301242,52.15936,9.793983
300799,52.59403,7.9527726
302856,51.455643,10.191181
302918,52.20181,10.055297
300936,52.540764,8.871614
303083,52.04671,10.0812025
302966,51.437973,9.479086
301660,51.509277,9.79426
302880,51.858475,9.2667055
301742,50.832333,7.6183724
300253,52.069187,10.139173
300647,51.86732,10.22522
301651,52.39276,9.9714365
300964,52.013855,9.985331
301706,51.63344,9.083753
300996,51.785866,10.094961
302468,52.235767,11.713956
300662,50.521725,7.534269
300634,52.41344,9.6334505
300955,50.41939,9.126565
301999,51.52801,9.99511
302343,50.644455,7.6332273
302602,52.32281,10.196217
301866,52.07273,9.92882
302129,52.28553,9.407962
301678,52.11272,10.36407
300872,52.458294,8.237097
301953,51.62849,9.895669
302581,52.076077,8.837548
302247,52.037724,8.390081
300527,50.7113,12.014083
303021,51.874516,9.051979
302990,51.63247,10.148857
302808,50.737667,12.00249
301207,50.84841,7.695885
300233,52.23985,10.539925
301334,51.12151,7.746892
301695,52.01725,10.467733
300652,52.0174,9.564941
302395,50.759914,7.663258
302036,52.36191,10.068743
301556,52.34815,7.9998617
302529,50.553978,7.6332273
300607,52.20383,8.99904
301881,52.157475,10.127301
301456,51.829674,9.973633
301740,52.062206,10.00056
301615,51.375984,10.066442
301381,51.2977,8.14389
301545,52.05143,9.019604
302411,51.162563,9.401529
302497,51.98292,9.691377
302734,52.1794,10.253371
301446,52.0623,10.551778
301449,51.784615,9.498336
301254,52.321926,10.108805
300215,50.684715,8.560071
301385,50.832783,8.963835
302890,50.22314,11.717119
302407,51.796658,9.4431505
301750,52.07936,8.85567
302229,51.79114,8.481255
301328,51.86904,8.127237
300192,50.45478,7.8235426
300042,52.269844,9.912427
301397,51.7335,9.925792
300279,51.974712,9.536175
302524,51.968884,9.441245
302780,51.880157,9.78009
300360,51.934372,9.455826
301352,52.149765,10.175536
300267,51.575684,10.2965355
300034,50.4848,7.5883417
300249,50.543602,12.045736
302470,52.508297,8.973605
300246,50.62347,7.7528377
302825,51.836277,10.194301
300670,50.61066,7.7066855
303090,52.232967,9.113436
301693,51.763412,10.19428
301272,50.551323,11.847063
301901,51.729397,9.903951
302646,51.20054,8.623261
302055,50.39043,7.5943146
300861,52.61742,10.053779
301084,51.97464,9.655838
302427,52.095345,9.8657055
302115,52.07273,10.059215
302037,52.34006,9.628589
300877,52.16242,8.028633
302558,50.814983,7.714265
302763,52.505188,8.648189
300630,52.136208,8.909235
301630,52.175922,10.180759
302300,52.12207,9.487286
300102,51.699154,9.880742
302711,52.63324,10.945041
302301,52.11164,9.338377
301044,52.134365,10.023025
301400,52.04485,10.017323
303134,50.333565,8.485548
301882,51.17307,7.7053046
300948,50.372658,7.6718307
302428,51.245033,9.046053
302723,52.17583,10.171234
302693,52.604767,7.7393126
302421,51.88254,10.067757
302654,50.668705,10.245303
301543,51.432976,10.088663
301140,52.056946,9.829321
302589,52.25645,9.515305
301100,51.64682,9.823104
300617,52.216812,10.099013
301423,52.07898,10.021023
300758,52.226345,11.679763
300994,52.21854,8.689672
301968,52.26503,9.755153
301499,51.615475,10.72452
301141,52.119736,9.86779
300645,52.22899,10.200993
300824,51.72812,9.325232
302209,50.9515,10.198187
300974,50.983128,10.634477
302342,52.09863,9.718491
300793,52.01527,10.000576
302193,51.937347,10.408089
300831,52.03103,10.117734
300874,50.41199,7.7588105
301851,52.326168,8.80385
300927,51.577324,10.07034
302297,52.229713,10.08326
301672,52.1536,9.991702
300050,52.0458,10.575267
303077,51.73349,8.392263
301322,51.854088,8.341223
300036,51.800438,10.113001
301406,52.144386,9.466362
302050,52.43979,7.989085
301880,50.666386,11.195451
300902,52.000828,10.063079
302029,51.932343,8.317453
301501,51.198067,9.563792
301401,52.620003,9.302533
301790,51.6691,10.466762
300640,50.479637,9.982511
300443,51.949745,9.982381
300086,52.05289,9.475115
302310,52.14558,10.073523
301721,51.870525,9.772818
300784,50.335377,8.705574
301438,51.49289,10.883967
302668,50.447956,7.9630866
302855,52.344646,10.233194
300556,51.41765,8.079145
303071,51.30665,9.203194
302296,50.653652,9.383143
300762,51.317734,7.6332273
301327,50.515118,7.780061
301997,51.574593,8.659278
300568,52.036625,10.26824
302389,52.006447,9.583151
300187,52.804813,8.549606
301355,50.32548,9.864327
301170,50.312355,7.8587813
301616,52.19365,10.077099
300150,52.13627,10.26097
301854,52.016277,10.112593
301127,51.772614,9.69136
302588,52.09923,8.878437
302733,51.637424,9.600996
300656,52.29581,9.924823
300738,52.591206,8.08502
302746,49.78589,8.441099
300909,51.907276,9.935862
301088,50.695118,11.6429
302915,52.432594,9.48975
300434,52.103607,10.065076
302352,51.852783,9.865213
300181,52.181114,7.765096
300850,52.424564,9.922023
301479,52.204872,10.017716
301601,52.074482,9.727688
300469,52.60352,7.7417684
301311,52.34332,11.423676
301359,51.924873,10.294479
302958,52.27585,9.580834
300307,52.304394,10.197313
302665,52.122875,9.483664
301191,51.338127,8.343594
302600,51.88706,8.290466
301956,50.551323,12.00698
300410,52.07936,10.0396385
301041,51.958694,10.020095
301535,50.336765,11.377387
302786,51.864067,9.966761
302853,50.874012,7.5883417
300118,51.907276,9.756645
303054,51.988228,10.206787
301347,51.716496,9.954745
300721,50.87476,7.6243453
301404,51.404133,9.776281
302946,51.768433,9.112575
300299,52.66495,7.9769735
301663,50.607613,7.663258
302314,52.06554,9.395121
300077,52.204742,9.853795
300032,52.07936,10.024606
302003,52.08049,9.902948
303129,52.189026,10.297662
301223,52.01595,9.814091
300635,52.461674,7.6841683
301515,51.89871,9.163677
301104,51.34175,8.092397
300881,51.864067,9.711826
302765,50.643826,11.748773
300941,51.575798,12.031939
300561,50.832264,7.8411508
300207,52.244656,9.7924795
302593,52.02903,9.783766
301658,51.39819,9.917714
300789,51.254204,9.895538
300151,51.978966,10.438895
300302,51.327198,8.948947
301963,51.16168,9.997674
302180,51.22414,8.894808
301697,50.741405,10.820623
