id,lat,long
300121,51.99027,10.075239
302441,52.046043,10.236299
300266,50.372433,7.6016426
300911,50.73358,12.03717
302681,49.963173,7.6016426
301610,52.050125,10.1260605
302875,50.365597,7.5888977
302261,52.01217,8.159557
302365,51.87323,10.308595
300709,52.07864,10.087615
302304,50.79444,8.080051
302731,51.402622,8.470804
301055,52.238285,9.597186
301310,51.86934,9.954932
300273,50.815723,7.6353354
302038,50.640854,9.407194
300116,51.312824,7.996809
302736,52.15088,10.075764
302891,51.713,10.372493
300583,50.628117,11.85534
302725,50.449116,7.6016426
300451,50.91397,7.647436
302203,52.06375,9.829446
301216,51.247116,9.156424
300741,52.131474,10.565811
300827,51.69269,9.976154
302900,50.613434,10.897746
300186,50.833805,7.6016426
300588,50.080975,9.809292
300680,52.091633,10.118612
303070,51.36493,10.57346
300088,52.22846,9.504941
301741,51.77185,9.769922
301474,52.129444,10.516255
301028,51.83625,10.066065
302938,52.720474,8.051912
301436,51.819458,8.799143
300937,50.77019,7.563899
301177,50.884586,7.773188
302073,51.12322,9.186999
302863,51.99027,9.817614
301621,52.44275,10.055905
301779,52.176582,9.87409
301033,50.36163,7.6353354
300062,51.87445,8.244539
301922,50.764038,7.6925735
302418,50.480892,8.187154
302896,52.19867,9.982382
302641,52.276382,9.23461
302249,50.759495,8.053638
302776,51.79502,9.919524
302138,51.837894,9.9926405
300489,52.18642,9.71592
302987,52.6399,9.425091
300184,51.95057,10.031257
301485,52.46211,10.502113
300004,51.942417,9.617067
301341,51.90768,9.167725
300673,52.270172,10.575127
300100,52.045715,10.058394
301491,52.515575,7.996809
300392,52.233337,9.767495
303075,52.098885,9.7206745
302942,50.562763,7.7650847
301074,52.380695,9.858269
302142,52.019337,10.172121
302130,52.05579,10.003803
303114,52.00975,9.870054
302330,51.869617,9.674125
300982,52.160816,9.91109
300620,52.47601,11.348806
301270,51.27217,10.193232
303119,52.531353,9.973998
300227,52.05705,9.399675
302739,52.368027,8.224925
302949,52.183167,9.343351
302137,50.478455,7.702046
303063,51.643864,9.820386
303038,52.084515,9.67758
300658,49.93279,8.189394
302533,51.478905,8.636782
303110,51.823895,8.018936
302054,51.33078,9.895555
301800,52.23197,10.155965
300401,50.708366,9.92217
302769,51.169662,8.0704975
301175,50.90086,7.6851797
300943,50.55204,7.817741
301472,52.06464,9.895001
301107,52.078434,10.088984
302636,51.994633,9.881757
301777,52.450966,10.136614
301865,52.18306,10.051394
301137,52.437103,8.372104
302174,51.996193,8.952221
301340,52.128086,10.216177
300180,52.088352,10.0999
301417,52.028893,9.989258
300406,51.99027,10.095135
303042,52.32943,10.528273
303011,50.414238,7.563899
300028,51.945625,9.743684
301770,51.748928,9.950903
300055,51.88473,9.582816
300899,52.045643,10.1610365
302735,52.159443,10.176566
302562,52.313995,10.266182
302302,52.49324,9.668902
302472,51.287914,9.553832
302033,52.284664,9.536569
301576,51.629227,7.7935743
300324,50.506233,7.7293253
302877,52.01688,9.310715
301303,51.430202,9.093551
302611,52.19245,10.026374
302495,51.20204,8.729552
302503,52.231617,10.226628
301475,51.789696,9.349476
301447,51.302994,9.283079
302643,51.89548,9.02418
302295,52.692844,8.398207
302215,52.37892,9.819306
302960,52.05476,9.472656
301962,52.298523,10.904465
303062,52.24453,10.212444
301548,51.358604,9.212838
300919,51.727245,8.590339
300537,51.60043,8.374276
300129,51.55135,8.708267
300204,52.267372,9.467553
302257,52.3888,10.073093
303002,52.169422,9.770226
301704,51.95424,9.78675
302873,52.128017,10.151185
300179,51.716896,9.040873
300067,51.908043,9.231428
301791,52.08357,10.26924
300625,52.405155,8.641914
300702,51.99223,9.582184
300878,51.446404,8.988514
301558,51.983948,9.738853
300189,52.200974,10.138994
301815,52.057037,11.245595
302690,52.181717,10.077287
302795,50.772926,11.409799
301437,51.994087,8.729264
302462,52.69114,8.237751
301837,50.371254,7.867585
301939,52.668465,8.207964
300046,51.771587,9.684457
302030,52.250153,10.296728
301296,51.076527,7.6016426
301281,52.597366,7.7791696
301931,52.217716,9.878705
302586,52.098377,10.258739
300660,49.87889,7.692653
300836,52.107468,10.031886
302536,52.254677,9.399693
300611,51.9091,10.898317
300576,50.57029,7.7453666
302841,52.04875,11.812727
301647,52.401375,11.737937
301802,50.966232,7.892548
302857,52.11712,9.978927
300435,50.7953,8.309976
302185,52.010105,9.599934
301981,52.205883,9.449572
300871,51.827988,9.312051
301166,51.567795,10.631924
301932,52.05494,9.44021
300801,52.128418,11.684814
300991,51.911728,9.581528
300485,51.11803,9.402119
300031,52.21157,9.9505625
300239,51.948368,9.714289
301555,52.2211,9.600519
300720,50.655434,7.6998725
303017,52.220535,8.830461
300848,52.26923,9.330092
301047,51.84453,9.906538
303108,52.034206,10.078543
301542,51.88554,9.916938
302561,51.992462,10.08145
301995,50.807446,7.7791696
300794,52.30117,10.089295
300707,50.446133,10.372646
300623,50.820103,7.7335653
301511,52.02207,9.865117
300218,50.608067,7.644177
302124,50.422604,11.824498
302057,50.967155,9.846314
301965,52.0765,9.923282
300354,52.069603,8.751385
301372,51.45266,8.57285
301969,52.256706,8.154871
301976,51.967216,9.546731
300696,52.043564,10.303597
300119,51.880814,8.206787
302789,50.655396,7.975482
302226,52.106968,9.097304
300771,51.8884,7.7732253
300068,51.72421,8.942572
301297,52.14101,9.499232
302596,52.025818,9.523919
301498,51.92647,9.402298
301774,51.19769,9.360794
302113,52.036346,10.006107
301366,52.157757,10.052742
301473,50.418438,7.6016426
302092,51.83793,10.145475
300185,52.67898,7.7293253
302291,52.04585,8.569565
303080,52.33075,9.961963
302957,51.8931,11.200749
301731,51.901077,9.00767
302477,50.612095,8.704104
301408,52.283653,10.944591
301966,52.61908,8.5168915
302783,51.043137,7.867585
302162,51.98517,10.037701
301206,52.35839,10.051394
301007,51.107555,8.310955
302157,52.01544,9.979594
302775,52.049244,9.986984
300786,52.093567,9.295396
300812,51.97592,11.037081
302798,51.96336,9.704489
302913,52.133278,10.554132
302102,52.41823,9.983265
300791,50.596127,7.5939527
301692,51.856956,10.142096
302082,51.727245,8.338043
302085,52.077232,10.49829
301181,52.15842,9.851671
301948,52.150833,9.987394
302208,51.74179,9.145456
300978,52.08323,9.913105
300379,52.139725,9.906699
302236,52.184055,10.023374
300773,51.956547,9.980475
300300,51.99928,10.286734
300230,51.5395,8.930045
301360,52.720474,7.7791696
301018,51.97348,9.079197
302652,52.614635,7.7335653
302361,52.31643,9.597856
300002,50.38672,11.401967
301635,52.04973,9.670737
300545,52.3217,11.114326
301937,52.041935,8.726256
302727,52.384773,9.912555
301541,52.148964,7.891696
301709,52.144814,9.568731
301467,51.823967,9.761294
300222,52.1814,9.816358
301516,52.176476,10.260308
301923,51.125626,8.600838
303024,52.296917,8.292685
301422,52.14845,10.171087
302555,52.09519,9.791395
300468,51.95271,10.155998
301783,52.15055,9.166429
302000,52.38214,10.309159
300301,52.48494,10.753484
302344,52.243416,10.393151
302311,50.70388,7.5521417
301947,50.54151,11.809976
301620,52.066383,9.68593
301050,52.018185,9.834879
300825,52.29128,10.127248
301805,52.128017,11.089954
300585,52.312138,9.980033
302848,51.900158,9.888037
301259,50.438736,7.6353354
301673,51.92474,12.039703
302832,51.91393,10.017309
302150,51.93205,9.811132
302402,50.96651,7.681309
300975,52.00957,9.766776
301957,50.72966,7.9407945
302862,51.979748,9.905994
301188,51.890144,9.997177
302316,52.632908,7.8551927
301809,52.311584,11.668913
301096,51.842293,9.736169
302182,50.35848,12.182363
301252,51.26071,9.129079
300112,51.193157,8.885316
302904,50.23692,7.6016426
300198,52.226772,9.686638
301305,50.58094,7.6016426
302410,52.191467,9.976645
301523,52.162357,10.049187
300209,50.992794,9.991694
301827,51.083447,8.324326
301562,52.138893,9.409843
302793,51.06446,9.168424
301852,52.16544,9.893973
300506,51.88018,9.49934
301427,50.443012,8.122371
303018,51.683895,10.098244
302333,52.092102,10.398276
301874,52.07962,10.025641
301879,51.178795,9.165929
300306,52.443985,9.504445
302207,51.08214,8.300266
301824,52.025818,9.986434
300722,52.12083,10.029193
302025,51.614197,8.227013
301528,50.640083,8.656772
303104,52.022377,9.922362
302449,51.987965,9.711609
302676,52.02377,9.590371
302383,52.78422,7.8230696
301172,52.457848,8.994543
300432,52.215595,10.051394
302631,52.54959,10.089984
302710,52.2589,7.882658
302778,52.025818,10.178741
300992,52.39872,7.867585
302842,51.291126,9.630948
300423,51.807873,9.732096
302997,52.309475,10.25223
300426,51.938427,9.76161
302107,51.8217,10.2591505
301178,51.58,9.084639
300355,52.014847,10.056759
302481,52.080376,9.86002
300550,52.835274,9.77014
301321,52.386757,10.1775255
301863,51.27839,8.287717
301056,52.29389,9.6591215
301925,50.608356,7.7293253
300114,52.157116,8.037599
301264,51.507103,9.167174
302935,52.239853,10.122543
302656,52.50019,9.355179
300562,52.119473,10.018443
301755,52.20909,10.150799
300674,52.340782,7.7293253
302919,50.51677,8.059848
303014,51.925915,11.591889
301622,51.283825,9.823621
302404,50.780827,8.178419
302663,52.018024,10.769713
300073,51.089207,8.922113
300672,52.1543,10.20506
301038,52.077656,9.917515
301097,50.81518,7.8861084
300024,50.282864,7.6016426
301308,50.663124,11.709152
302691,52.574825,10.086587
300505,48.49909,10.564575
301122,51.88176,10.126403
300681,52.309315,9.687552
300139,51.46294,12.024112
300522,52.139534,10.947269
301830,50.890457,10.018123
301508,51.430515,9.1504755
301095,51.766277,9.7510805
301540,52.046543,10.630239
302962,52.044422,10.315629
301933,52.285362,10.315942
302473,49.497585,11.00873
302118,50.866375,9.18969
300240,51.54082,8.2535515
302903,50.523563,7.7091846
302370,52.064243,9.352705
302800,52.04713,10.5683
302544,50.83897,9.670759
300444,50.906082,8.933437
302667,52.479897,9.965898
302388,51.88327,9.54849
301108,51.047905,9.919888
300149,51.824314,10.896583
300570,52.15395,10.029967
302171,52.379707,7.7712336
302169,51.87507,9.966171
300661,50.39899,7.651487
301460,51.33958,10.224942
303107,51.890697,9.41571
300011,51.625446,10.0542145
300206,50.61347,7.662129
301604,51.935333,9.485848
301990,52.169548,9.912427
300006,52.162,9.998044
300744,52.206516,9.852165
301860,51.68353,8.732559
302282,52.30092,9.755453
301240,52.091415,9.493836
302929,51.666557,9.342893
301565,51.684006,7.833563
300130,52.079388,9.799929
302046,52.199158,9.658593
301354,52.52352,7.935633
300730,51.333946,8.239834
300622,52.211063,9.638695
300454,50.5327,11.817821
302117,52.192318,10.130781
300644,52.171577,10.151583
302125,52.3521,9.530708
300845,52.026257,9.6972475
301323,50.61347,7.6851797
302584,52.629818,8.287899
302888,52.174202,9.960077
301657,52.011204,9.97693
300539,51.942013,9.813605
302603,51.96574,8.055363
301839,50.745182,7.8630996
300938,49.959705,11.883453
302225,52.13418,9.654505
300944,50.969414,8.667409
300679,52.17968,9.762562
301002,50.674812,8.2963505
301160,50.890194,7.6016426
301530,51.93331,10.12802
301250,52.00847,7.852523
300455,52.353336,9.860696
300074,52.05835,8.681314
300813,50.570293,7.7293253
301722,50.453445,7.849682
302541,51.767338,9.95647
302482,52.14868,10.321799
301375,52.200462,9.287385
302721,51.985783,10.0237875
301806,52.17054,9.740427
301608,52.532722,7.7293253
302819,52.177277,10.82418
302064,51.082516,9.0233135
300065,52.210472,9.025057
300593,50.982773,7.6353354
300225,51.879234,10.028895
301524,51.750538,9.543341
300864,52.16667,10.022761
302490,52.01943,9.591914
303130,51.954727,10.713348
302079,52.22305,10.086234
300581,51.655384,9.817529
302098,52.133934,10.099461
303005,47.048676,8.255109
303078,51.835743,7.564332
300757,51.926582,9.799205
302861,52.503426,7.9563093
301045,52.04919,9.980033
302785,52.05827,8.223259
302965,51.701057,9.9910755
303065,52.179035,10.010445
301363,51.82278,10.09609
300140,50.422447,9.100059
302796,50.407986,7.7399025
302094,52.057037,9.739949
300297,52.505306,10.457746
300408,51.431927,8.396099
302034,52.119137,9.733468
300832,52.00844,10.019132
300860,50.739567,7.7293253
300075,52.270763,9.855976
300264,52.20663,10.01103
302566,52.086227,9.869141
301804,52.11902,10.095744
303030,52.168686,9.596518
302294,52.184402,10.365709
300575,50.490135,7.7293253
301150,52.162914,10.2506485
302413,50.375576,7.7293253
303015,50.974945,9.687619
302930,52.462185,9.667541
301495,52.282352,9.718977
301094,52.371487,10.119675
301049,51.966057,10.268882
301941,52.58733,7.8041234
302433,52.5884,8.225294
300331,50.531418,7.6276455
300578,52.22864,9.834739
301825,51.459267,10.170842
301454,51.563107,9.871272
302500,52.071472,9.915127
300135,50.49938,7.6925735
301572,51.834717,9.569051
303028,52.002666,8.108585
302214,52.632908,7.717028
301607,52.137184,9.222412
301986,51.74179,8.669109
301238,52.212067,9.740576
302218,52.432343,10.142232
302136,51.466793,9.811468
302759,51.13016,9.026138
300188,51.203873,9.697992
302692,52.243954,10.0457945
301892,51.149906,7.6851797
301518,52.258118,10.124209
302394,51.95625,7.647183
301493,52.04607,9.61457
301299,52.109737,9.671879
301285,51.227856,9.307883
300998,51.513557,7.827555
300596,51.087574,7.6016426
300921,51.66103,9.977866
302088,51.471836,8.91079
301032,51.749256,10.138642
302499,52.065525,10.24932
301553,52.177094,10.129634
301276,51.92326,9.906648
302657,52.284035,10.54438
302659,51.813744,9.168874
302781,50.3946,7.9000144
302275,50.52105,8.015894
300769,51.93251,9.481294
302806,51.318726,10.104749
302511,52.10154,10.041462
301642,51.24515,9.463176
302070,52.194946,10.277414
300826,51.974213,9.62057
301688,52.668133,7.9983273
300838,52.036877,10.260601
302155,51.39072,10.001335
302773,50.358437,7.6529408
300289,51.968822,10.074906
300213,51.935997,9.370848
302400,52.44871,7.954288
301394,52.269035,9.457207
302619,50.44556,7.6353354
301431,51.091198,8.729552
302239,51.968555,10.735109
302223,51.97372,10.154626
300913,52.010513,10.463585
302308,51.808125,9.216114
300512,52.09964,10.019069
301291,50.51606,7.6137433
302323,52.251106,9.041621
302660,51.559883,8.698856
302534,52.259518,10.0215225
300901,51.58487,8.000952
301068,50.417988,7.7791696
301831,52.191532,9.886616
300263,50.907013,12.241377
302827,52.043175,9.403666
300411,52.143852,10.073806
301071,50.373142,7.7791696
301955,51.810326,9.980317
300217,50.14595,8.803884
300997,52.035473,10.088165
302550,52.64601,8.928532
301537,52.238564,9.994828
300985,51.32037,7.7216353
302577,52.340446,7.825552
301017,51.904438,8.405823
301332,50.723015,8.69367
301876,52.265507,7.817741
301602,52.00451,10.0351925
302607,52.17568,11.371433
302221,52.065525,9.9825
302549,52.73282,8.01445
302126,51.957836,10.4386
302217,50.468815,7.642112
300735,50.418808,10.1270685
300493,51.85529,9.237665
302093,52.137608,9.612778
301803,52.07465,9.489965
300510,52.337257,8.986371
300418,51.97023,9.554702
302955,50.37671,12.078881
300487,52.014378,9.423205
302494,51.751934,10.037855
300541,52.065765,10.431021
300714,51.07478,7.86548
302939,52.057037,10.123657
300748,50.643425,7.6998725
300054,52.06988,9.549162
300066,50.55558,7.6353354
301507,51.41492,8.267434
300814,50.939922,9.890003
301902,52.16571,9.886449
301598,52.608578,11.213781
302339,52.004776,10.406346
301289,51.73935,9.448288
302504,52.179592,9.838101
301132,52.110455,10.013998
301021,51.850334,7.9619045
302028,52.06998,9.933698
300554,52.03532,9.217015
301114,51.868973,8.651078
302059,52.181393,9.383041
302684,52.179893,10.062875
302707,51.876976,9.302898
300775,52.029243,10.688392
300754,51.164684,9.521742
301589,52.25121,10.090266
302192,51.653996,8.864179
303064,50.675186,7.7352624
302542,51.032078,10.187329
300764,52.580032,10.762267
302901,52.370342,8.01445
300612,52.308083,10.093587
301862,52.063564,7.942592
302886,51.42035,7.7335653
300984,52.57565,7.827555
302996,52.315617,8.052263
301867,52.111107,10.087615
302699,50.49636,7.6851797
301985,51.994125,10.884178
300417,52.029823,10.217534
302096,52.398376,9.951078
301634,52.258007,9.968154
301703,52.187737,10.056552
302416,52.525284,7.962828
300615,51.33808,9.651409
301198,51.453434,8.283413
303084,50.557446,7.719111
302516,52.269363,9.8550415
300368,52.110565,10.536774
303007,51.30434,8.304953
302675,50.187065,7.6016426
301229,52.062202,9.524474
301217,51.942673,9.935964
300779,51.837463,10.017055
300419,52.16844,7.5399733
301810,52.24058,10.1243
302464,51.114346,9.308326
300806,51.866417,9.1700735
301582,51.083908,8.713751
301392,51.910984,10.6146
302359,51.522537,9.789973
302151,51.91765,9.401834
300182,51.937176,9.955195
302422,50.557747,7.8967977
302303,52.021378,10.230607
302228,51.382854,9.9439335
300039,51.92698,10.159528
302502,52.001736,10.28916
302149,51.790497,9.965058
300880,52.015366,10.104254
301573,50.779327,7.7791696
300726,52.211254,8.718454
300923,50.354237,7.6016426
302661,52.803783,7.6353354
300172,51.249863,7.651487
301338,51.860397,9.902351
301513,51.956413,9.999785
301708,52.447266,8.2535515
300362,51.88825,9.949974
302103,52.235615,8.951274
303023,51.08065,9.113609
300525,52.338066,10.399174
301859,52.63435,7.8279257
301886,50.43406,7.7352624
302858,52.202244,9.745659
301696,52.313614,9.909309
302072,51.42845,10.098355
301480,51.16362,8.145531
300548,52.386757,10.048073
302190,50.59377,7.6353354
301873,52.132694,9.87056
300894,51.605225,10.085578
301606,51.15276,11.290935
300639,52.21756,10.221156
302595,52.25639,9.109967
300274,52.098885,10.139281
300866,51.566338,9.795391
302698,51.49886,8.908355
302476,50.85271,9.708396
302677,52.720074,10.062433
301655,52.140438,10.094817
301121,52.14439,9.365409
300107,51.928795,10.315007
300314,51.82445,9.554875
301388,51.742035,10.473885
302111,51.25607,9.025195
301967,52.226185,9.498307
300199,50.54005,7.6016426
301339,52.116817,10.485688
301162,51.95303,9.575202
300009,50.761223,7.7216353
300340,50.63352,7.5983434
303057,51.962215,9.475604
301724,51.795708,9.565221
302591,51.241726,10.016322
300224,52.03385,9.9894905
303138,52.300117,9.986984
300889,51.93792,9.825548
300928,52.1593,9.035263
301682,52.027122,10.11229
301761,51.93679,10.336001
300507,52.26831,10.717626
302576,51.404053,8.8427725
302424,50.483257,8.173275
302513,51.33864,9.899921
301398,51.83926,10.155547
300223,51.669746,10.944697
301487,50.360004,7.651487
300776,51.91568,9.06247
302852,52.249752,9.77881
302437,52.453415,9.920794
302063,51.887234,10.055799
301265,52.469692,10.099199
302522,52.382374,9.415023
302280,51.596115,10.461711
300925,52.16233,9.476153
300275,51.844315,9.298178
301147,52.272633,8.032325
302560,51.268505,10.126791
303049,52.11863,10.264221
302415,51.767197,10.398325
302451,51.018375,8.776624
303072,50.51677,8.613524
301539,52.298275,10.009458
300669,52.071163,9.656191
302893,52.043564,10.764654
301302,52.187782,10.561326
300697,52.05812,9.642541
302195,51.83302,9.055135
300168,52.143234,8.776418
302362,52.36316,10.151763
302826,51.704132,10.649109
301841,51.918365,9.477843
301661,52.43906,9.960526
302258,52.368126,7.7712336
301275,52.23421,10.365274
301434,52.180244,11.707223
302065,52.30831,8.550507
301034,52.12083,10.303871
302951,52.044758,9.115113
301853,51.76951,9.318845
303096,51.8675,9.197306
302367,52.542233,10.577473
301463,52.171597,9.54518
300250,51.76415,7.7293253
301526,51.01056,10.767784
302273,51.593925,10.1702
302112,50.800755,7.651487
301149,51.79263,8.932849
302276,51.77357,9.535278
300631,52.34077,7.83809
301832,51.94607,8.129702
301984,51.52987,8.907097
301349,52.018185,8.740163
302265,52.08462,11.1163025
300804,50.438736,7.651487
302889,52.00321,10.089438
300973,51.19964,7.6998725
300120,50.59486,7.6016426
300259,49.874615,11.710808
300557,52.228832,10.193034
301838,51.968086,9.694978
300023,52.229183,11.389765
302973,52.02542,8.902467
302953,51.066082,8.740946
301617,51.446396,8.00635
301432,51.73385,7.867585
301029,50.50851,7.563899
302066,52.065975,9.592744
300211,52.150833,10.1343975
302058,52.11919,10.127088
300014,51.46613,9.400281
301290,51.85881,9.49428
301798,52.20628,10.008465
300666,52.24638,10.379659
302163,51.81542,10.004767
301189,52.114986,9.882376
300361,50.931187,9.199542
302986,52.090958,9.9221115
301828,50.60334,11.95664
302032,51.699154,8.819679
302305,52.018024,9.057703
301870,52.3147,8.975048
300942,52.07886,9.506022
300621,52.082703,9.023797
301849,51.999176,10.151185
300718,51.806812,10.132294
302393,52.079082,10.585497
300056,51.97663,9.409307
301856,52.25249,10.045047
302456,52.09611,9.888549
303106,51.973557,10.094584
302328,52.022377,10.252556
302498,51.22391,10.060563
301186,52.338066,9.201124
300753,52.648537,9.058889
300533,51.96462,8.35515
300725,50.554558,7.848365
302056,50.910507,7.7080803
301269,51.910316,9.853139
302613,51.839428,11.077458
300653,50.537746,8.018595
302230,50.272263,7.6851797
300833,50.438736,7.6081133
300858,51.77546,8.00635
300972,50.70041,7.845226
302645,52.20233,10.060653
300760,52.016468,10.025641
300678,52.18589,9.998044
302002,52.63435,7.7791696
302212,52.218033,9.12552
303109,52.141083,9.088959
302165,51.985493,8.115896
302255,51.948032,8.856827
301210,52.24414,9.076934
301713,51.983948,9.644025
301138,51.52882,10.4994955
300202,51.68836,8.396194
300717,51.890606,8.118646
302306,51.107555,8.08839
300961,52.29772,8.239834
302144,52.054832,9.511789
300470,51.858654,10.236087
300052,51.79845,9.91698
301769,52.147194,9.970203
301633,52.09673,9.986434
302638,52.419125,11.1146
300932,49.747135,9.327801
300524,52.277653,8.189394
300412,51.229908,10.012685
302188,52.09964,9.967047
301133,51.99994,10.075576
301135,50.76349,7.524338
301246,52.2649,9.965769
300214,52.175365,9.492716
301946,50.625206,7.6276455
301163,52.036686,9.227844
300745,50.42821,7.6137433
301936,52.317135,10.624817
301239,51.254696,10.218326
301058,50.354946,7.563899
300372,51.993187,9.458784
302069,52.088177,8.62462
300883,52.29128,10.581598
302948,51.72239,10.317074
301428,50.284286,11.895931
302635,50.501892,9.804879
302932,52.54554,10.217814
302845,51.88532,7.647436
300691,52.301655,9.004937
302597,51.824554,9.057173
302750,50.68057,7.6851797
301165,52.2264,9.915767
301611,51.58104,7.613956
302559,50.316837,11.9177885
300971,52.16985,9.60053
302702,52.52701,11.080301
300104,50.597595,7.651487
301686,52.166477,10.015627
301079,51.957043,9.089265
302445,52.06717,10.070989
302803,50.365864,7.563899
300686,50.224285,11.960004
300278,52.309326,9.773854
302491,52.201733,9.120833
303121,52.051327,9.979884
301267,52.028564,9.381321
300597,51.14487,7.835821
301944,51.472153,9.52577
302061,52.22273,10.319586
301471,51.928177,10.278928
301988,52.39556,10.248922
300852,52.038696,9.958428
300844,50.743263,7.651487
300600,52.08844,9.604569
303048,50.208347,10.098365
300808,52.6399,7.821078
300325,51.74268,9.891856
300797,52.251194,10.190412
301067,50.286007,7.6016426
302650,50.321648,7.6353354
303094,51.765324,9.03925
300005,51.896587,9.868013
301982,51.184483,8.500226
301494,51.888924,9.915195
300983,52.084885,9.999994
301998,52.127922,11.463273
302147,51.16814,9.118727
302539,51.497227,8.290194
300475,51.965496,10.024926
300476,51.94513,9.60759
301521,51.05957,7.817741
303013,52.31835,7.955897
302670,51.295143,9.823103
301850,52.112095,8.593285
302994,50.637455,7.647436
301883,51.909058,10.275253
302060,50.767307,7.6353354
301974,52.26845,9.993102
301274,52.176224,10.009202
301560,50.722965,10.018905
301920,52.172752,10.0340395
301730,51.887447,9.988649
300142,51.381096,7.774628
302454,51.992245,10.03936
300294,52.1075,9.83973
302993,50.96343,7.950672
302612,52.211586,9.9263735
301637,50.961113,7.6016426
300904,51.45904,8.776871
300308,52.25434,9.801324
301266,51.18231,9.591792
301286,52.493515,9.123537
300348,52.256836,9.98116
301144,50.6184,7.6851797
301158,51.39401,10.024837
302455,51.6568,9.265068
301268,51.89247,9.813703
300366,52.27708,8.423552
302944,52.218033,9.9608345
300103,52.09052,9.89748
301989,51.81052,9.364929
302758,51.88994,8.729552
303051,52.096565,10.062875
300483,50.788982,11.938245
302732,51.300854,7.586054
300818,51.832954,10.064023
300323,52.154293,8.681249
303056,51.58623,8.376589
302430,50.43406,7.6353354
300464,52.039593,9.747783
302579,52.19494,8.322063
301405,50.665817,7.7293253
302664,52.079388,9.929101
300876,52.217068,9.52577
302219,51.949207,9.430011
302353,50.365738,7.8630996
302256,52.390903,10.208001
300431,50.868385,9.937834
300424,50.909298,8.782482
300069,50.372433,7.6016426
302689,51.18852,8.886914
300017,51.02353,9.602917
302838,51.960922,9.992175
301584,51.17957,8.771911
301600,52.157333,8.641914
301484,51.913815,7.8703284
301477,52.03786,8.207932
302369,52.229057,9.323425
301711,52.19863,8.794239
300173,50.542797,7.786643
300834,52.069366,9.964546
301131,51.94446,9.899569
302248,51.737595,9.65964
302156,51.844234,9.201455
302146,52.265232,7.9830837
301503,52.33371,10.272737
302801,50.50851,7.6851797
303052,51.998383,9.961847
303101,50.248253,10.638572
302471,51.83559,10.038252
302345,52.026897,10.200025
301752,52.177593,9.557129
302246,52.019947,9.90581
302892,51.928493,10.204327
302777,51.639538,10.0215225
300178,51.911453,10.5216675
300242,52.031956,10.068239
301840,52.133713,9.138745
301628,52.178905,10.25395
301679,50.67066,7.6016426
301991,51.567818,9.00853
301918,52.171597,9.714492
301012,52.096493,10.135725
302231,52.098377,9.409402
300654,52.121147,10.136222
300865,51.8498,9.246988
302307,52.828445,7.827555
301700,51.95729,10.058394
302284,52.30204,10.178949
300257,52.692844,8.128378
302556,52.39934,9.578549
301093,52.094242,9.804111
300723,51.87383,8.481191
302187,51.76914,9.372666
301185,51.322117,10.088892
301794,51.8285,11.279802
300917,52.555634,11.883969
301643,52.04973,9.355179
301669,52.170387,10.12375
302594,51.83644,10.692115
300044,51.904205,9.600075
302041,52.266968,9.952356
302753,52.46018,7.7791696
302363,51.856525,8.293085
301609,51.737217,9.554071
301379,52.501118,7.6353354
300837,51.70233,10.03991
302653,51.941154,9.647535
303022,52.038437,8.896292
300445,51.89171,10.056088
302770,50.438026,11.903651
300840,52.492935,8.97547
301536,52.538723,9.35922
302238,52.256706,9.520078
301337,52.632908,8.866142
302349,50.18104,7.563899
301993,50.890793,7.7735953
302834,52.10144,10.037592
300536,50.7344,7.692653
302172,52.154743,8.870139
300551,52.672752,11.58536
301538,51.90038,9.796619
300236,51.532948,10.536254
302747,50.222862,7.6353354
300195,52.64947,10.204697
302376,52.307186,8.324262
301418,51.806625,9.955566
300377,50.831223,7.7293253
301756,50.9387,8.597682
302737,52.252506,9.824287
301117,52.6399,7.682818
300706,51.24594,9.788609
301022,50.99395,7.817741
300064,51.91457,9.540846
301737,51.3025,9.035527
301597,50.451866,7.6122847
302928,52.156223,8.301617
302590,51.499317,10.459533
302077,51.628193,9.338532
303133,52.18752,9.949596
300404,52.215363,9.72908
300376,52.182236,11.415167
300882,52.414417,9.54527
300935,51.909283,10.026374
301506,52.33971,9.749618
302512,51.94675,9.80051
300061,51.855118,8.409271
302166,52.36774,10.13613
302081,52.145336,9.983404
302816,51.304195,8.953161
301085,52.082993,9.961372
300329,52.505405,9.409457
301395,50.438736,7.563899
301386,51.62373,9.160171
301719,51.709652,9.62664
302016,51.977543,9.008448
301015,52.239414,7.7791696
301260,50.49146,7.723751
300247,51.753426,9.985223
300022,52.15399,8.780172
301729,51.80658,9.53392
300101,52.370823,10.431021
301123,52.59905,8.827243
301089,51.706055,9.064936
301320,52.064243,9.64292
302134,51.97476,10.066548
300183,52.278408,10.805712
302714,52.179585,9.523218
301441,51.38857,10.101158
301048,51.834717,9.090592
302532,51.156082,10.628281
300234,51.87095,10.025641
301694,52.177094,10.116685
302514,51.55055,10.500057
301060,51.810383,9.898969
301157,52.632908,7.7293253
301110,51.909065,10.067592
300986,50.552074,11.972279
301399,52.445663,10.425848
302414,51.418198,8.548085
301300,51.346443,11.884373
301626,50.776047,7.6137433
302567,52.634,7.817741
302288,50.298336,7.6016426
301361,51.58215,8.156922
301788,50.742157,7.6016426
300328,52.05174,10.080618
302854,52.09107,10.071805
300687,52.05091,9.693834
301676,52.317055,8.396088
301003,52.04482,10.382421
300949,52.04594,7.7791696
301205,52.091084,10.897603
300260,52.007763,9.536366
303037,52.108253,9.991957
300906,52.137505,9.734928
302440,51.153404,11.398661
301280,52.14522,10.228748
300841,52.335987,9.386844
303128,51.901894,10.317517
302851,50.922318,12.023179
302644,51.139473,8.317223
300134,52.450672,9.892969
300465,52.244667,9.8895445
301182,51.08026,7.7293253
301325,52.048054,9.78047
301415,52.347355,8.143563
300749,51.594196,8.118646
303124,52.156902,10.287225
300586,51.5185,9.029585
300945,52.12395,10.045024
302626,51.17304,9.481294
301470,51.143776,8.848472
300959,52.132935,8.338212
302572,51.88083,9.734495
302012,52.497677,10.023089
300429,51.353733,9.626703
300572,52.1075,9.999828
300170,51.170727,8.303583
302809,49.98567,8.460815
300629,52.177094,9.075106
300336,52.084507,10.082209
300079,52.08189,10.12432
300567,52.18531,10.100536
301078,52.191532,10.074073
302068,52.433014,10.786393
302496,50.76794,7.923633
302788,52.209114,9.920761
302799,52.548203,10.727413
302091,51.95667,9.939436
302501,52.173546,10.209845
300437,52.45343,9.058889
301231,52.07499,9.990817
302329,52.436928,10.218636
300141,52.171597,10.365845
302998,51.361755,9.856618
302975,52.210293,9.561035
301921,52.11625,10.077231
300613,52.189774,10.099672
300768,52.14299,10.0319
300219,51.92047,9.53265
301102,52.1543,9.914063
301053,51.941357,9.786017
300492,51.984917,9.71592
301234,52.273273,9.825177
301512,52.159798,10.159107
301176,52.16174,9.859897
300954,51.994442,9.991452
300867,51.952934,9.453798
302100,50.373142,7.6998725
302730,52.211254,9.044153
302927,50.591587,9.499006
300520,52.208183,10.224392
302385,52.21157,9.745351
301517,51.73565,9.9940605
301483,52.09598,9.633382
301486,52.096104,10.01907
302917,52.018673,8.464832
300161,52.179893,8.691531
301671,51.999615,10.433377
300774,51.649067,10.974198
300414,51.738888,9.005033
301214,52.598324,10.008493
301813,50.371964,7.6851797
301792,52.043198,11.504349
301639,52.1534,8.604884
300659,50.658916,7.7335653
300117,52.253143,9.93691
301716,52.00533,9.949675
301284,51.31632,9.650273
301592,52.065563,10.284945
300474,52.43613,10.032061
301118,50.43869,12.053679
302133,51.81201,8.975647
300504,52.53229,10.157924
300433,51.99142,10.089802
301914,51.60856,8.607865
301585,52.052025,8.866049
302616,51.67399,9.4057045
302148,51.92672,9.834242
300655,51.86685,9.808985
301945,52.177094,10.086288
302592,52.280636,10.068464
302398,52.16643,10.024909
302290,50.65066,7.651487
303001,51.247517,7.784674
302967,51.581062,10.0215225
302945,50.47309,11.824498
302624,51.27574,8.930045
301814,52.171597,10.780322
302140,51.965496,9.749249
302716,51.747276,9.239003
301789,47.531914,9.972738
302397,52.237156,10.031984
300133,52.216976,9.803174
300657,51.89397,9.626703
300594,52.061954,9.516785
302552,52.062534,9.821679
302381,51.744774,10.9552765
300090,52.013134,8.916337
300708,51.9624,8.685258
300893,52.202595,9.70232
301641,51.977608,9.331366
300144,50.76794,8.353052
300080,52.44107,8.683886
300667,51.78879,9.9894905
302005,52.025818,10.366303
302317,51.66478,10.138534
302177,51.958393,9.702158
302969,50.725487,7.7335653
300277,51.542118,9.561094
301155,52.223495,9.922386
302658,52.171448,9.93705
300810,50.300713,7.563899
301195,52.240585,9.678343
301571,51.945145,9.83243
300519,52.04973,10.135676
301549,51.036304,8.251883
300763,52.177258,9.013838
302580,51.22895,7.7791696
300108,52.10438,10.382423
300782,51.69421,8.270887
301420,50.104042,7.7293253
301649,52.668465,8.225294
301209,52.61161,9.453049
301424,52.088,10.100536
302865,52.399937,8.4971485
302811,51.121414,9.127961
301613,50.12667,11.526642
302429,52.018948,8.436291
301282,51.917095,9.056815
301129,52.184402,10.062823
302285,52.245277,10.020949
301796,51.86792,9.214417
302241,52.319324,10.637047
301004,51.47908,10.012334
301445,51.4829,9.975471
303135,50.914272,7.563899
301544,51.85123,9.972546
303009,50.859806,9.853794
302438,52.032387,8.811739
302364,50.300713,7.6016426
302870,52.283897,10.562092
301174,52.14455,8.788872
301942,52.24808,9.623424
302380,51.679497,10.14908
300322,52.002625,9.930789
301913,51.99027,10.089059
300262,52.251293,10.987601
301878,52.120483,10.045861
301938,51.7286,9.894876
300995,52.273026,7.6276455
300532,50.634808,8.776089
301081,52.156754,9.585461
302254,52.34606,9.987552
302697,51.735943,9.4234705
300976,50.39899,7.6353354
302923,52.632908,7.7882457
303006,50.466923,8.01448
300059,52.13665,10.190351
300312,50.56401,8.241783
302426,50.886097,9.669432
301514,50.206764,7.6353354
302814,52.40604,9.935337
300683,51.832325,9.480181
302682,51.560524,8.322485
300946,51.69478,9.771756
301822,52.282722,8.9967
302568,52.16829,10.902398
300025,52.01184,9.407864
302007,51.97809,9.783389
300295,52.229065,8.729552
302245,51.91776,10.021356
300602,51.746906,8.87804
302143,52.62129,7.777711
301333,51.890697,8.297131
301910,51.676586,9.9894905
300416,52.058342,10.283313
301492,51.89257,9.853106
301625,50.545757,11.891975
300463,52.027523,8.4290695
301374,51.04674,7.8440866
300012,51.86556,8.122371
301577,52.2358,8.253088
300579,52.29958,8.974865
302315,52.100246,10.138568
300816,52.044228,10.101087
301046,51.416588,7.6276455
300931,50.334538,7.7791696
301153,52.04263,9.320103
302043,50.784554,11.753228
300081,52.079388,8.002817
302771,50.926064,9.209354
302312,52.30052,10.216176
303136,51.49151,8.567595
302104,52.160805,10.141006
302263,51.99116,8.099338
302672,50.690243,7.7293253
302299,50.407986,8.144255
300580,52.14522,9.963668
300952,50.509117,7.6353354
301904,52.362633,9.990041
302086,52.10595,9.942845
302488,51.759953,7.6959105
300890,51.34921,7.7912674
301835,50.750057,10.2341175
300439,51.254642,8.487051
302530,52.07504,10.174671
303058,52.52119,8.166099
300320,51.70986,9.836093
300395,51.74129,9.128727
301232,50.60135,7.6851797
300853,51.089233,10.362519
300057,51.038017,9.258523
302181,52.081947,10.210466
301908,51.408867,9.712487
300286,51.572987,7.843147
302754,52.0617,10.314412
301864,52.037388,10.053927
301369,51.84829,8.8486
300403,52.09964,10.039024
300258,51.895206,9.96385
301509,51.97809,9.738859
302259,50.57606,7.7791696
302633,52.025917,8.912877
302906,52.30052,9.461294
300828,52.096565,9.926074
302525,51.19861,8.553363
302669,52.30794,9.393598
302950,51.306004,10.172104
301842,50.86076,12.158455
302728,52.1543,10.163243
300268,51.69573,10.053567
300394,51.628735,8.621844
300448,50.68371,9.295692
302128,50.445545,7.6016426
302696,52.652306,7.9971795
300175,50.001144,10.027099
300402,51.961548,9.751067
300495,51.437313,9.109106
302478,51.629932,9.469487
302604,51.556168,8.052856
300494,51.92984,9.716925
300018,52.110493,10.565602
300641,52.307312,9.755293
300638,51.902332,10.193354
300398,52.09816,9.622422
302895,52.039253,10.359597
302264,52.108166,9.963668
300332,52.220695,10.789932
302493,52.22366,9.658384
301764,52.04973,9.737519
302822,50.621178,7.7791696
302485,52.329193,9.54518
302774,51.105297,9.919632
301786,50.985104,9.176402
301578,51.24615,9.704398
301685,50.71189,11.966716
302680,52.29128,9.90434
301248,51.445168,9.591792
302683,52.188858,10.4664955
300105,52.159798,10.109948
300338,51.87638,10.1429
302655,51.821815,10.140657
301271,52.069004,7.8309493
300967,51.895916,9.883639
302271,52.13625,10.266217
300811,52.056026,9.396313
300099,51.95912,9.9894905
300147,52.53708,10.087615
302431,50.28458,7.6353354
301326,49.923683,10.484786
301496,51.59915,9.821326
300208,51.803463,10.056945
301014,52.200462,10.980178
301212,52.043774,9.430783
301489,51.9744,8.720484
301812,51.90649,9.959376
300351,52.21943,9.956698
301455,50.642487,11.995598
302386,52.24654,10.052422
303086,49.90161,8.123542
300288,50.71418,8.052403
302279,51.952934,10.628439
302340,51.97192,9.476153
301887,50.420002,7.6851797
301787,50.29692,7.685418
301627,52.165535,7.7791696
301318,50.808975,7.563899
302673,50.781967,7.563899
302374,50.48058,11.788822
301951,52.085903,9.481418
302450,50.43406,7.6016426
302017,50.69531,10.145941
301983,52.105453,9.717475
300564,52.29191,8.860852
301031,51.870472,7.9116745
300477,52.09964,10.100536
303126,52.2029,10.122496
301387,50.554134,7.8272815
301551,51.904297,9.540437
302403,51.99937,8.728126
302605,52.19185,9.802959
300637,51.454304,10.076135
302744,51.01079,9.153356
300390,51.850132,8.478998
301063,52.17254,9.967047
303074,52.137505,10.005175
300929,52.04494,9.087566
302531,51.065056,9.485848
300349,52.226128,10.01552
300905,52.133385,10.023374
302460,51.290707,9.138745
300041,52.13921,9.363306
302751,52.194275,10.316429
300915,51.95912,9.82587
302004,50.669304,7.6016426
302465,52.269035,10.132521
301169,52.15885,10.0554
303099,52.31085,10.333827
301330,51.70682,9.829773
302487,52.243736,9.23461
301368,51.78196,10.067819
302189,52.299496,9.420812
302199,51.84435,9.494349
300900,51.81682,9.824367
300311,50.987385,9.8746605
302632,51.187637,9.911667
302021,51.123257,9.003919
300460,51.758553,7.7791696
300137,51.434395,9.365531
302578,52.056297,9.224568
301261,51.21298,9.626703
302243,50.53877,7.6016426
302184,50.594666,7.889094
300156,51.172447,9.876665
301546,52.516323,9.695452
300875,52.26406,10.044039
302606,52.004208,9.767071
302755,52.358803,8.738385
301256,51.85824,10.196229
302051,51.94034,9.452568
302688,48.781883,9.780096
300703,52.372894,8.018936
301351,52.20668,9.962384
302812,50.379185,9.914085
301743,50.650585,8.077879
301092,51.08067,8.801389
302201,49.974922,10.740807
302790,52.059578,7.7735953
302797,52.049244,9.883271
302991,51.94607,10.037746
302461,51.819057,9.136491
301430,51.54429,9.749249
302170,52.015068,10.00413
302080,52.30807,8.933196
301749,51.565342,9.875877
300162,52.236233,11.703045
302224,51.82961,9.491186
301006,51.168156,9.523919
301013,52.247486,7.777711
300387,52.174553,9.583225
300078,52.1543,10.157767
302615,49.96575,9.000693
303034,50.38204,7.8538423
303093,50.44283,9.000635
300868,50.371216,7.6353354
301566,51.90539,9.466207
300160,52.099957,9.888569
301784,50.79181,8.70531
300346,52.153435,10.08743
302048,52.118015,9.293858
300907,52.084885,10.039636
302026,51.83926,10.263213
300480,52.01953,10.135126
300571,51.95912,9.813926
302640,50.615074,7.827555
301793,52.648212,7.9469647
302336,51.880676,9.855532
300457,52.362633,8.877493
300981,51.61564,9.562642
303132,50.436512,11.878552
303088,51.40659,7.685418
300987,52.25115,9.698383
302377,52.254208,9.824155
301502,52.466793,10.021034
301317,50.9006,7.8544335
300538,51.11027,10.296408
300309,51.0893,7.7293253
302160,50.60135,7.563899
301247,51.360683,8.315191
301893,51.959698,10.146987
301959,51.95633,10.089059
302119,51.862385,10.266076
303076,52.1414,9.501936
302318,51.839355,9.090592
302047,52.170753,10.339925
301519,52.178917,9.5037985
301591,50.516853,10.022485
300970,50.60064,7.6016426
300409,50.651936,7.685418
303059,52.089703,9.913105
302467,51.19493,8.220778
302972,52.24223,9.98382
301482,52.226128,8.389741
301243,52.171597,9.945247
301935,52.034206,10.230135
300535,52.222477,9.923857
300298,51.988758,8.338043
302794,51.559113,8.22242
302022,52.338135,10.132149
301895,51.30269,9.575228
301595,52.13188,8.710239
302179,51.766647,10.067103
300370,50.438457,11.616539
301623,50.52821,7.6016426
300413,51.927,9.190588
302867,52.395832,9.999003
301116,52.04689,10.101823
301145,51.98283,9.09464
300155,52.323647,9.939299
300026,51.95331,10.142509
302274,50.643425,11.974399
300048,50.3843,7.6851797
300777,51.59816,8.873554
302914,52.34583,9.849063
301843,51.488255,8.760476
302417,50.3323,9.754274
300979,51.13594,7.9983273
300245,52.00569,8.79295
301912,52.13886,9.073731
301640,52.01603,7.884174
300317,52.597366,9.395011
302351,50.438736,7.685418
303137,51.839207,10.241394
301168,52.040253,9.985671
302995,52.566685,9.226067
300573,52.21148,10.157694
301723,50.8174,9.555802
300843,50.94412,10.1150465
300643,52.703377,9.822575
300357,50.71418,9.593593
302432,50.930485,11.063016
302813,48.484047,9.595368
300716,51.669373,9.6427765
301534,51.92201,10.0618
302823,52.363,7.827555
302090,52.406578,10.127346
301795,51.50278,9.438293
300109,52.41818,9.480132
302729,52.532722,8.421003
301429,52.26923,10.243708
302373,52.460735,7.7293253
301010,52.306717,10.116685
302027,50.492393,7.7335653
301629,52.098885,10.043733
301707,51.04815,10.025173
301736,52.16727,10.047321
300327,52.205044,9.9723625
303100,52.251476,10.382723
301442,51.95902,9.7221155
301871,52.15939,9.989998
300857,52.00975,9.270367
302178,51.988125,8.187154
300514,51.78068,9.036994
302319,52.368584,10.774675
302545,52.09738,10.193705
302833,50.38592,7.494992
301224,52.117767,10.016322
300821,52.15684,10.487395
301689,52.11132,9.804206
302099,52.261948,10.605409
301773,52.116272,9.553267
300365,51.592148,9.321401
300045,51.602875,9.022936
300856,52.118412,10.056759
300482,52.026257,10.084584
302573,50.59879,9.7343235
301011,51.390827,7.796604
303041,52.209667,10.269451
301816,51.488476,8.238247
303033,52.333813,11.103854
301039,52.165657,9.401046
302821,50.85303,9.454661
302810,51.76079,9.697034
301016,52.25455,9.736929
300498,52.010803,10.026038
300497,51.928493,9.67187
302392,51.497925,8.240616
302205,50.95323,7.7293253
300098,52.301113,9.5152645
300020,52.120483,9.866897
300517,51.631115,10.030407
302378,51.345245,7.890594
301419,52.386757,9.913731
302752,52.048435,9.784404
300896,52.315132,8.6195755
300458,50.93089,7.7293253
303025,51.80867,10.1168785
302286,51.74129,7.975482
302396,49.964466,11.359887
301304,52.157734,9.8318615
300177,52.22097,9.2081
301295,51.690487,10.015621
302609,51.97329,9.827696
301574,51.065666,9.276931
301086,49.712772,9.389198
301171,52.215054,10.06017
301645,50.481396,7.6016426
302835,52.153618,9.909609
301836,50.114502,11.81448
300339,50.307888,7.742418
302792,51.971672,8.864179
300038,50.300003,7.732662
300648,52.48101,7.7791696
302337,52.394558,8.954302
301009,51.783035,9.508052
302244,52.572407,11.055283
302089,52.082912,10.6827345
302479,51.872395,8.681783
302084,52.535873,11.126696
302220,52.103176,9.215392
300407,51.290207,10.310616
301393,51.177483,10.145389
300270,52.04973,10.05087
302985,52.648537,9.19381
301042,52.238285,9.830631
300778,50.498028,7.685418
302240,52.282352,9.90632
302574,50.65928,10.251752
300755,51.787415,9.781048
301952,52.3078,8.255198
300977,50.49636,7.6851797
301439,50.98524,7.6016426
302887,51.585953,8.896918
300452,50.52006,7.6137433
301179,52.21782,10.71538
300855,51.47742,9.418963
301699,51.25927,7.7629113
302802,52.204227,9.06792
301090,51.725742,8.602995
300846,50.42858,7.6353354
302382,51.705482,9.815456
302076,52.06039,8.98497
301040,50.485218,11.889016
302553,52.23733,7.817741
300343,52.24802,10.277416
300589,50.94189,8.189394
302232,52.485577,8.952221
302097,51.2224,10.064152
301899,50.262806,9.831812
301226,52.02324,8.50437
302309,51.083637,7.7791696
300089,52.288067,10.716176
302686,52.030384,9.035527
300400,52.115803,9.235622
301343,51.91655,9.70006
300248,52.028652,9.502842
301732,50.49636,7.674437
300281,52.66163,7.955897
300939,50.46697,7.685418
300252,50.53071,7.7898116
302920,50.469524,7.6353354
300908,52.002697,10.040326
302925,52.40604,10.074111
300091,52.34624,8.02653
301064,51.873768,9.309564
301414,52.493496,7.8382206
300143,52.026978,10.248831
301868,52.15864,11.231905
302952,52.058342,11.250204
302982,51.94526,10.029263
302013,52.21943,9.973063
302618,52.072254,10.0331335
300817,52.04973,9.368558
303091,52.080498,10.708281
302484,52.072655,10.088408
302197,52.166348,7.9890995
302685,51.80936,10.013593
300632,52.277416,10.179304
300315,51.837894,10.302942
300125,50.53071,7.6851797
300040,52.04875,10.1709585
301612,51.186188,10.084895
300590,52.59271,7.8940935
300968,50.993904,7.984614
301690,50.663975,8.998696
300627,52.395782,9.253339
301593,51.661987,10.192027
301024,51.027023,8.140012
301315,51.06516,7.9469647
302743,51.756413,8.53739
300033,51.931675,9.651578
300304,52.022224,10.722046
300584,51.987724,8.503455
301059,52.01688,8.113958
302916,52.333813,10.135237
300244,51.390827,8.05448
300847,52.223606,9.653391
302639,50.91943,11.796384
302824,50.768814,7.786643
300450,52.055225,10.285986
302518,50.752266,8.14459
300649,52.660587,8.339342
302278,52.043564,10.070007
302252,52.058308,9.2556925
302458,51.89563,9.850251
301065,52.102226,9.409358
302517,51.126034,9.205314
300010,51.882904,8.363581
302268,52.238285,9.755737
300013,52.171085,9.995671
301775,50.367527,12.078881
302651,51.84425,9.646412
302320,52.09107,9.993977
301443,50.70566,7.651487
302183,52.1543,10.163288
301237,50.886036,7.7293253
300167,52.381935,9.660888
302106,51.867596,10.7521105
300800,52.22829,11.788822
301992,50.418697,7.6016426
300805,52.103973,10.100536
301739,51.1538,9.700023
302406,52.072704,9.831621
300196,52.079647,10.152509
302152,51.993855,9.101921
300197,50.633495,7.6851797
301225,52.517994,9.1410055
301204,52.254677,9.817718
300496,51.96052,10.188112
300110,51.8884,9.908541
301533,52.150833,9.956698
301101,51.978508,8.616698
302912,52.47793,9.536413
302924,50.62951,9.582528
301575,52.20457,11.059582
300854,50.6246,7.597592
301907,51.349068,8.9017515
300508,51.785675,7.774448
302779,51.972713,10.217973
300231,52.637527,7.924634
301390,52.376884,8.363315
301550,52.472538,9.960628
301972,51.13336,9.916359
300767,52.101124,9.814075
300389,51.59896,9.863521
302902,51.965065,8.06287
300241,52.053486,9.809842
301444,49.72953,8.119057
302599,51.2474,8.6301565
301768,52.219677,9.969384
301587,52.148834,10.077616
301112,52.061077,9.776236
300693,51.98563,8.553363
302173,52.104156,10.670506
302621,51.994125,10.082209
301277,52.085133,10.347786
302984,50.62686,7.796604
300582,52.207005,9.915963
303123,50.814117,9.753178
300499,52.20826,9.535246
302694,50.928875,7.827555
301829,50.76566,7.7791696
301510,51.509796,8.017146
302348,52.03187,9.231369
301288,51.99256,9.53345
302979,52.171383,7.923039
302881,50.78704,7.6016426
302159,52.632908,7.7293253
300540,51.84391,9.653642
300071,51.863094,9.898167
302387,51.51835,8.884062
300229,52.36226,11.06095
300503,51.911755,9.722229
300461,51.834393,10.508414
300694,52.19185,9.892323
303055,52.09107,9.924387
301564,50.51677,7.6016426
300807,51.927917,8.39506
301644,52.158478,9.983888
300453,51.40923,9.057067
302720,51.923595,9.304047
302647,52.221733,10.509017
300526,50.35583,8.229715
300397,52.146393,9.371857
302695,51.992462,10.12987
300606,52.014137,9.472656
302519,52.24518,11.555139
301823,51.837204,10.071954
300165,52.03551,9.445569
303010,52.056633,10.004227
301215,52.17265,9.611255
301051,51.77185,9.992323
300803,52.191532,9.91939
300138,50.45376,7.6016426
301457,52.07519,8.225294
300676,51.931637,9.802319
301666,52.062534,9.674812
300085,51.881107,9.607394
300037,51.23525,11.74358
301567,52.06274,10.165344
303061,50.360004,7.651487
302642,51.852257,9.710496
301061,51.937458,10.304342
301307,52.71942,7.7293253
300190,52.20663,10.779634
300924,50.74652,7.7791696
300385,50.38366,7.6016426
301194,51.497902,9.786327
301410,52.362225,9.707289
302075,51.688293,8.938503
302186,51.40258,10.028492
301409,52.1543,10.09124
303039,52.15724,11.583917
303012,52.22558,10.162235
302167,51.904045,11.050622
302740,52.270977,10.827233
302121,52.352104,7.7293253
302062,51.91721,10.860469
302959,52.32198,7.6851797
301687,51.949505,9.9974785
301847,52.561623,8.729436
301111,51.00847,7.6016426
301747,50.693512,7.6353354
301161,51.455772,10.187526
302868,51.324047,7.7629113
301782,52.221397,9.898882
302213,50.338676,7.80077
300746,51.243824,10.754383
302015,52.700695,9.8925905
300122,51.982464,10.225623
301273,50.454468,7.6016426
300951,52.30784,10.32545
301653,52.078625,10.33556
302384,51.875935,9.549316
301148,51.221043,9.575168
302719,52.108337,8.256683
300783,51.532955,10.970624
300166,52.20133,10.056484
301844,51.83926,10.104649
301964,52.011646,7.796604
301262,51.799328,10.086138
301037,52.568226,7.732662
302764,51.805595,10.687166
300070,52.11009,9.921337
301142,52.068653,8.318969
300462,52.2628,11.591889
300839,50.1741,7.6851797
303066,52.59527,8.018595
300388,52.00904,10.482757
300287,52.648212,7.7791696
301426,52.19245,9.942124
300547,52.008694,9.919956
302321,52.123074,9.933515
300353,51.85568,9.055223
301052,51.898163,8.578663
301425,52.077374,9.6785965
301765,50.49636,7.6016426
302463,52.310276,7.7293253
300530,51.781414,10.193499
301525,52.183647,10.122976
300466,52.692844,7.7293253
300642,50.237873,7.817741
301934,52.630295,9.393027
300521,52.244656,11.94016
302629,52.63435,10.071399
300501,51.928493,9.720293
301459,52.219666,9.510016
300704,51.976295,8.508844
301036,52.250618,10.075174
301203,52.098377,9.064599
302897,52.624878,8.721615
301075,50.523758,7.864657
302483,50.971233,9.817689
302154,51.824493,9.785772
300733,47.82868,10.108246
300675,52.06733,8.05261
302999,52.102207,10.024908
302910,52.67754,7.6906843
301192,52.094624,10.766081
300869,51.775875,9.304184
300552,50.372433,11.972279
301662,50.817154,7.651487
300384,50.44917,7.867585
302872,51.896385,8.9541855
302784,51.05957,7.8230696
301353,52.052113,8.9163265
302270,52.052017,10.178063
300399,52.370995,7.7791696
302748,52.06998,9.593708
300566,52.48969,9.888358
303004,52.097347,9.350263
302457,52.058167,10.101812
301298,51.944195,10.359682
302625,50.43057,7.6353354
301762,52.19952,10.329971
301000,52.057602,9.803981
300781,50.70732,10.975868
302453,50.633495,7.817341
303047,52.479187,10.374
302601,52.040306,9.850853
302371,51.87323,9.798963
301950,51.75276,10.02091
301872,51.689255,9.286886
300386,51.82948,10.289336
301421,52.082787,9.303543
301885,51.384636,8.232826
302292,51.78814,9.966448
301924,50.51519,11.966716
301710,52.003674,8.840173
301668,51.085796,7.7293253
302176,50.418327,7.647436
302587,52.117214,9.973651
301342,51.948223,9.556134
301845,52.345592,10.141006
300427,51.992382,9.35894
300682,52.057007,9.283077
301848,52.014023,11.228918
301820,50.557747,7.6851797
300282,52.77287,9.4918165
300820,52.189274,9.489528
302009,52.19784,9.557606
302510,52.305664,7.8031745
300405,51.103333,8.0858555
301481,52.52006,10.306935
301745,51.73753,10.312044
303050,51.811165,7.9657416
302266,50.46703,11.993175
301219,52.055225,9.554875
300447,52.3888,9.822249
302390,52.225616,9.223585
302509,52.094444,10.636981
303079,52.114986,10.010773
300780,52.04482,9.514053
302145,51.94753,7.4356666
301570,52.131527,9.339077
301855,51.97476,9.960016
300254,52.87012,11.140084
300479,51.585945,9.849212
300513,52.11091,10.05656
302608,51.879597,9.196165
301027,51.65698,10.110755
302715,50.438026,7.6016426
302031,52.17128,10.164891
302334,51.38921,7.821078
300957,52.526073,7.654226
302940,50.388462,11.475105
300203,50.506706,11.977616
300154,52.207695,10.152307
300534,51.872547,9.430952
300341,52.692844,7.7017984
302648,52.268566,10.185668
302978,52.149826,9.633958
302235,52.176777,10.089121
302006,52.17637,10.001537
300569,50.839653,7.6851797
302078,51.07478,7.6906843
300053,52.18793,10.141038
300608,52.19963,10.1987705
300131,52.183502,8.870867
301227,52.262974,10.170177
302610,50.449116,12.253796
300819,52.119934,10.244193
301077,52.06998,8.6096
300459,52.17054,9.49749
301255,52.12775,9.183331
303105,52.233864,9.393598
302368,52.112976,9.587744
301776,52.402664,10.609123
302018,52.19643,10.061613
302742,52.307487,11.116074
302105,51.930973,9.5560665
300148,51.89702,9.504941
300910,52.35824,10.128698
302008,52.33699,10.003803
300422,50.523884,7.651487
301954,51.042587,7.6016426
301654,52.574062,7.8630996
302521,51.909687,10.167699
300093,52.152817,9.477261
300689,52.224926,10.027219
301590,51.69752,9.31086
300892,52.397995,9.654931
300115,51.226635,9.837643
303069,50.95611,10.174023
302423,51.343304,7.6016426
302196,51.876324,8.76964
301109,52.137184,7.683721
302829,52.055527,9.976295
301971,52.226696,10.841207
300737,52.06998,9.379757
301927,51.71214,9.775452
302908,50.44283,11.234904
300358,51.488255,9.4535055
301411,51.963512,9.998044
302772,50.373142,7.6353354
302535,51.98831,10.3804035
300604,51.929916,9.113218
301833,51.592056,8.63387
300174,52.64237,8.052252
303000,52.078957,9.995775
300558,51.03054,9.633828
300663,52.1667,10.050702
302131,52.10785,10.139583
302108,52.167595,11.493564
302109,51.81847,9.467028
300563,52.03222,9.957858
300500,51.887585,9.857566
302844,52.068127,7.817741
302898,52.1543,10.140657
300636,52.240814,10.208802
302206,50.638653,12.127461
300650,50.3349,11.995598
301898,52.49995,9.028598
300610,52.065865,9.393598
301362,50.38905,7.6353354
302947,51.8812,9.879408
300097,49.959705,11.794237
302045,52.580643,7.7293253
300668,52.487434,11.757722
301383,50.3675,7.6851797
300473,50.029964,10.499498
301378,52.294983,8.553078
303081,51.739433,9.181404
300481,52.21195,9.560791
300863,50.723015,9.554071
302233,52.872242,7.727643
301389,52.163204,9.9723625
300766,52.510365,10.157767
300829,51.521835,9.889245
303016,52.608654,9.947739
300265,51.400143,9.264581
300614,51.371716,9.483119
301916,52.250893,8.774034
300701,51.42959,9.036406
301105,50.98937,8.287998
301819,52.21666,10.371107
302864,51.689217,9.051928
302630,51.977417,10.377339
300692,51.960575,8.105338
301382,51.98296,10.163231
300124,51.80915,9.899921
302052,51.132103,8.436764
300029,50.875565,7.7293253
302666,52.01133,10.204703
300842,52.11766,9.894638
302974,51.82704,10.595209
301930,51.48096,9.841445
301164,52.219173,9.485848
300235,51.633564,11.784159
300516,52.11181,9.182788
300885,51.636097,10.6445
301746,51.060055,7.996809
300822,49.973587,7.651487
301365,51.45267,8.634316
301970,52.245594,9.609495
302911,52.230408,8.280372
300169,52.199844,10.162231
300284,52.158184,9.911291
302634,51.819057,9.929966
301734,52.267056,10.141854
302936,52.02401,10.191459
301200,51.397446,7.984614
302830,51.990883,10.164794
302760,52.119396,9.45516
301180,50.897507,11.975308
301552,52.443058,10.553534
300761,52.035812,10.106172
302269,50.408882,7.7399025
301151,51.999176,10.040513
302620,52.171597,7.9831915
301057,52.034836,9.919785
301846,50.35291,7.445613
301358,52.279827,10.159478
303045,52.720474,8.379064
302202,51.62845,9.646696
301520,52.22155,9.859853
302583,51.50034,8.765608
301890,52.109303,9.63816
301766,50.469524,7.719111
300157,51.819458,8.975735
302486,51.82333,9.685876
300210,52.151047,9.998594
301979,52.59527,7.5100293
300019,51.905956,10.439664
300933,51.322468,8.787671
301019,51.936146,9.676187
303125,51.595867,8.060319
302158,52.132717,10.08134
300523,50.78009,7.7293253
300271,51.459114,10.22903
301664,50.352734,7.7791696
301926,52.036533,9.727541
300950,51.334774,9.282899
300715,51.08025,8.682827
301377,52.30577,10.1709585
301754,52.048588,10.203371
302745,50.90817,8.940372
302791,49.90266,9.269616
300724,52.1414,9.825873
301125,51.811733,9.999038
302324,51.144043,9.029415
301618,50.41617,7.6016426
302879,52.018948,9.919322
301258,51.92471,9.264201
301396,50.923115,8.069388
301505,52.24665,8.8189125
303120,51.272552,8.101633
300930,52.258392,9.504107
301139,52.04062,9.008983
300237,50.566883,7.651487
302356,51.451958,7.784674
301875,52.09968,10.090869
302537,51.548054,9.795784
301054,52.240498,10.876359
301987,52.218906,7.777711
301370,51.869137,9.686724
301373,52.252563,7.6353354
300719,50.794735,7.6353354
300191,50.534985,8.255282
302569,50.707497,8.289169
300058,52.08323,8.801378
301861,51.380566,9.867966
303089,52.25115,9.89056
300047,51.971684,9.273523
301490,51.60969,9.930457
301433,52.091843,10.045047
301279,52.3646,10.269624
300313,52.066216,9.788966
300083,51.04691,11.903702
301568,51.89107,9.55695
300051,50.83937,7.6353354
303035,52.1062,10.048329
300478,51.443714,9.965769
301877,52.011814,10.460437
300956,52.083244,9.870961
301897,50.351536,11.659439
300759,52.16659,10.256289
301407,52.238644,9.986984
300318,50.51606,7.6353354
302401,52.06184,9.848258
300063,52.200462,9.876028
302963,52.00445,10.004862
300851,50.329758,7.6353354
301076,52.296497,9.065724
300163,50.783623,7.6353354
301667,51.058517,7.7752
301889,51.881733,8.815582
300201,51.2224,9.387617
300335,51.42959,10.194946
300684,52.105137,10.068239
302557,50.584286,7.827555
302679,51.871323,11.136248
302820,52.3147,11.395001
303032,52.26678,9.9933815
300316,51.852234,11.654683
301579,50.924236,8.059848
301799,51.992462,9.439034
302548,51.61493,8.930901
301384,50.266247,7.6137433
301130,52.026638,10.120225
300378,52.106995,9.002068
302782,50.171974,7.687058
302347,51.579384,9.464423
301413,52.06545,9.998044
301677,52.57382,7.996809
301650,51.47515,9.599428
301705,51.320225,9.417845
300750,52.132565,10.145169
302706,52.04841,10.103053
302116,52.179893,10.085655
302313,51.80807,9.094316
303036,52.112015,9.929459
300728,50.57122,7.712353
301314,52.301083,9.457682
300887,51.19085,7.499878
302101,52.13625,9.920986
302571,50.974663,10.550537
301801,50.787785,7.657244
300285,52.454933,7.817741
302480,50.43406,7.6851797
300849,51.683895,8.683135
300798,50.83809,9.505916
300616,52.187202,9.970349
300283,51.682056,9.77168
300446,52.3215,8.280042
301532,52.039692,9.647535
302551,50.47309,11.91718
301903,51.328804,7.9724283
300158,52.36183,9.906622
302161,52.815823,9.561366
302194,51.513176,9.81505
301702,52.043175,9.876028
302153,51.265007,9.469578
300330,52.405582,8.136705
301605,52.281193,10.837538
300212,52.12853,9.901339
300136,51.89407,10.481714
301648,51.592968,9.728987
301066,51.382683,10.534266
301346,51.938644,9.10167
302358,51.198822,9.714804
302262,52.00723,9.0551405
301278,50.71549,7.685418
302447,52.01886,10.204972
301652,52.33568,10.475976
300344,51.413628,9.215668
301083,50.97491,10.139193
302281,50.222862,7.6016426
300238,51.86685,9.138745
302983,50.480034,8.059848
300436,52.154087,9.898725
301213,51.961548,9.7785845
302934,51.064198,10.992826
301753,50.5369,11.6857
300072,52.121147,8.043764
301452,52.2236,8.607865
301462,52.003056,9.755453
300290,51.51414,9.07965
302001,51.110798,8.028254
302843,51.83926,10.062875
301391,50.37079,7.959648
301919,50.543766,7.827555
302120,50.372654,7.6137433
301412,52.24808,10.142661
302434,52.12083,9.49314
301727,51.018375,8.934125
300823,52.059525,10.052654
300145,50.82593,7.783648
302346,51.789738,9.973422
301826,52.238113,10.079945
302964,50.976948,9.737519
300598,51.060616,10.283313
301371,51.173405,8.235561
300835,52.157417,9.989507
301497,50.914272,9.049514
300425,52.298275,10.306477
303073,51.71394,9.344107
303122,51.299446,9.319184
300280,50.683273,9.128775
301733,51.90704,10.216473
301241,52.150833,10.082733
302968,50.154835,12.045959
300966,50.877716,8.442955
300220,52.632908,7.867585
302023,50.83177,7.6353354
300132,50.653217,7.6353354
302931,51.577076,9.525917
302020,50.523037,7.7791696
302443,51.824,9.6306715
300618,50.566944,7.7791696
302459,51.92995,10.17284
300128,52.220295,9.008409
300677,51.788353,9.956921
301466,50.544315,7.821078
302909,51.84144,10.248861
300272,52.069916,10.173472
302649,51.43414,10.234942
301208,51.64826,9.986727
302053,52.56274,10.537175
301632,52.000175,9.948884
300916,51.997684,9.516395
300515,51.784534,10.27075
300502,51.40533,8.547046
301529,51.107674,11.828383
301698,52.381603,8.228787
302768,52.013283,9.665647
301287,52.178917,8.926078
302977,52.09009,9.475232
302446,51.424515,9.431533
302200,52.095905,9.973448
300021,50.014416,9.873581
301858,52.648537,9.164416
300449,52.126102,9.9926405
300953,50.30428,11.960004
300560,52.112785,9.896944
302132,50.44917,7.827555
302164,52.05474,9.602475
302899,52.372955,9.853757
302837,52.2181,10.536852
300884,52.372364,10.047795
303115,52.09562,9.01394
300740,50.925983,7.918366
300194,52.13597,9.411099
301440,51.957836,9.935964
300969,52.13561,9.902243
302738,52.692844,7.9527764
302869,51.844307,10.241513
301680,52.195797,10.420326
300888,50.352245,7.563899
301818,51.645035,8.963997
301980,51.69665,9.029585
302749,50.70088,11.634636
302543,52.086838,9.965694
302327,51.017113,7.7335653
302726,52.328796,11.085387
300440,51.875874,8.682827
302010,52.416855,8.101756
301072,52.212463,9.613634
300420,52.218033,9.829694
300352,50.46703,7.6353354
302420,51.84973,9.647535
301569,51.744312,9.936514
302122,51.868977,10.044975
303097,52.27037,10.669295
302405,52.692844,10.077866
300364,51.748222,9.159063
301403,52.185287,10.107571
302409,52.006996,9.797091
301594,51.452072,10.768153
302110,52.26338,9.215072
302954,50.83177,7.6851797
300342,51.79822,9.5416975
302507,50.88126,10.741799
300591,52.18021,10.123654
301251,52.202084,9.957909
301500,51.921455,8.615539
303127,52.21061,10.280417
301146,52.011955,9.900119
300528,52.2896,9.146324
302976,52.195442,11.194266
300651,51.734306,8.985664
301735,51.030067,9.274531
300897,51.004837,7.8403068
302850,50.82433,7.6851797
300421,52.554123,7.79806
300305,51.400143,7.8977427
301465,50.36791,7.686814
302366,52.536484,7.7293253
302283,52.156197,9.973318
300205,52.205048,10.600169
302988,51.395126,9.80607
301364,52.469692,9.530708
301376,52.381996,10.07437
301928,52.419125,9.349064
300509,52.159798,9.917604
303046,50.71549,7.6998725
300232,52.150284,10.026734
301807,52.11143,10.051114
302251,51.926292,10.814947
300700,52.24254,8.893663
302849,51.62382,9.996928
303026,50.438026,7.796604
302191,52.09654,10.134166
303087,52.157734,9.1494
302527,51.762302,9.820856
300980,51.49909,9.799261
300096,51.985416,10.172104
302492,52.166348,9.688054
302766,50.686817,9.548293
301244,52.03261,8.958157
301691,52.204338,9.065471
300363,52.212322,9.354106
300546,50.848736,11.222853
301115,50.71559,8.047426
301834,52.000183,8.234701
301917,51.425724,8.641435
301531,52.281403,10.597362
300920,49.990116,7.6016426
301583,51.41203,8.370893
302708,52.204655,10.052232
300441,52.16491,10.033544
300830,51.9136,9.800216
302379,51.81052,10.864525
302970,51.68384,9.54518
301263,52.211254,9.963631
302564,52.088352,9.99497
301020,52.091606,9.963331
301738,52.22562,10.463602
300688,52.103493,7.996809
300772,51.884007,9.24803
300359,52.361923,9.330345
302836,52.133385,8.233022
301656,51.9791,9.008959
300200,51.62714,9.396402
300912,51.1432,9.118801
300164,52.125526,10.171221
302508,52.271736,7.692653
303060,50.519352,7.6016426
300356,51.31725,9.748217
300601,52.134983,9.972641
302815,51.09089,12.236703
300152,52.225525,10.005457
300345,50.516792,7.5939527
301588,52.235916,9.5986805
303020,51.56635,9.894724
302452,51.83871,7.7804666
302216,51.787685,8.752056
302253,51.913803,9.551723
301638,52.072502,10.259999
300491,52.111378,10.0659075
301973,50.152534,9.702542
301143,52.116745,10.140544
301128,50.904263,7.7293253
302528,52.32229,10.076685
302127,51.940723,8.7340555
302700,52.13189,8.574389
301357,52.40106,9.899047
301996,50.76988,9.117101
300008,51.632336,8.095404
302713,51.85736,9.662696
302355,52.07604,9.583162
300393,49.740803,9.654505
302617,51.03233,8.870969
301126,51.900158,10.158249
302882,52.238564,10.651906
302272,52.07993,9.343379
302705,52.06988,10.159107
300815,51.400227,9.777836
301675,50.25662,7.6016426
300371,51.483253,8.87572
300587,52.113346,10.134037
300879,51.754066,10.493133
300269,51.510723,7.862945
301245,51.541775,9.764647
300729,52.308983,9.583323
300993,52.140736,9.598612
300544,52.038383,10.291162
302570,50.566944,7.6137433
300671,51.77433,8.984854
300256,52.5533,9.916361
302435,52.502922,10.174789
300415,51.999844,9.676638
301958,52.324932,10.421549
302095,52.26248,10.574738
302448,52.247498,8.698972
302210,52.199158,8.05261
302211,51.07277,8.827551
300958,52.078434,9.546362
300035,50.5657,7.7352624
300255,52.271446,10.055906
302847,50.882847,7.651487
302039,52.140755,10.525693
300574,52.015846,9.797644
300988,51.883335,10.10545
302956,52.211365,8.145873
300685,51.792633,9.255724
302767,52.250893,9.88769
302787,51.05376,7.6137433
301319,52.115585,10.155628
301599,52.084885,10.984276
302408,50.93498,9.284935
302662,51.0175,9.590555
301681,51.42959,9.784233
302876,51.968796,9.635781
301701,50.476715,11.664289
302582,52.213314,8.04623
303043,52.31222,10.853577
302444,52.009113,8.372104
301757,52.316814,9.349476
302439,52.290554,9.761253
300511,52.370174,10.311713
301120,50.741707,7.7735953
302674,51.68198,8.760476
301211,50.839653,7.8715515
302807,51.83926,10.127716
301960,50.12175,7.6016426
302709,52.061745,7.950273
300016,52.036312,9.806081
302598,50.861538,7.6353354
300592,52.252827,9.494863
302035,50.623413,7.6016426
300518,51.726048,10.022707
302937,50.987385,7.795011
301780,52.436737,7.8414755
302523,51.57889,9.640893
300490,52.583504,10.378391
302637,50.28437,7.6016426
301884,51.964867,9.274531
302087,52.329536,9.914445
300698,50.55317,7.8691263
300060,51.94697,10.336189
301726,52.002697,9.113609
301670,51.366985,9.442925
302860,52.039703,9.552692
302227,52.323032,10.315629
301929,51.56011,10.125421
303111,52.36929,8.275464
301136,52.531017,7.854864
301331,51.88176,10.1212635
301336,52.493607,8.005011
303008,50.59377,7.719111
301062,51.96361,10.036489
301294,51.173466,9.889004
301099,50.81876,7.9191475
300960,51.82822,10.091865
302326,51.43433,9.5211315
302335,51.889732,10.1503315
302884,50.780323,7.6016426
301817,51.400143,9.718165
301156,51.274063,9.050183
301522,52.212532,9.948351
300337,52.321255,10.01103
300626,51.31144,7.6353354
300699,51.942657,10.144838
302981,52.182034,10.130972
300646,50.40013,7.6016426
301026,51.94726,10.059272
302412,50.81425,9.826115
302505,52.102074,10.002641
300216,52.2649,10.993545
302712,52.201817,11.555139
301949,52.168728,9.918444
301222,51.31482,10.284104
301603,52.072475,11.564756
300226,52.40238,7.709227
301563,52.19643,10.34543
300084,51.825447,9.03925
300788,51.88971,10.616312
301380,52.04973,10.069247
300043,52.552586,7.7974772
300712,51.75837,9.881278
300373,52.44275,9.909309
303116,52.202694,9.844291
301173,51.88787,10.326762
300113,52.215595,9.681705
300934,50.848248,7.563899
301235,50.262096,11.903256
300442,51.978985,9.9434
302466,51.63702,8.308346
300438,52.298523,9.861777
302701,50.372433,7.6016426
301900,51.62692,9.635895
301978,52.068695,8.147402
301134,50.423252,7.5939527
302554,52.015633,9.991625
301778,52.368935,8.960931
300734,52.14232,9.234723
302019,52.090645,9.523708
301619,52.157734,10.005218
300785,51.189808,9.719151
301808,51.75157,10.254889
300472,51.465565,9.917659
303112,52.06654,10.019307
302961,51.481014,9.3441925
300790,52.058746,9.188637
302242,50.31812,7.546834
300895,51.047905,9.729484
301091,51.445606,9.212978
301201,52.15773,10.295271
302724,51.67382,10.147962
300603,50.467094,7.6353354
300543,50.875046,7.6016426
300484,52.40927,10.473334
302139,52.362988,9.295396
302338,51.90366,9.73946
303102,52.388542,9.273014
302250,52.031563,9.149662
303117,50.597385,7.563899
300914,52.35156,9.926972
301683,52.270668,10.464803
300962,51.345123,9.3714285
300171,51.182354,7.7293253
300176,50.52715,7.662129
302354,52.211254,10.030996
301504,52.145885,10.089108
300922,50.610657,7.685418
300486,50.55204,7.685418
302756,50.52006,7.6016426
301940,52.228943,10.997196
301748,50.925137,7.651487
302585,51.889687,9.88549
301367,51.883564,8.931653
301345,51.641598,9.185812
301187,52.652733,7.7697945
302526,50.418327,7.7791696
301580,52.265003,10.137318
300595,52.53754,10.08134
303044,52.37367,9.971068
303095,52.2589,10.113141
302141,51.723118,9.6066065
300743,51.68866,9.924308
303067,52.084705,11.671777
300082,51.024445,10.245579
301720,52.027122,9.964008
301547,50.556362,7.651487
301159,52.166348,9.938401
302565,52.00874,9.003045
301771,51.834717,9.2991295
300713,51.87503,9.52577
300146,52.35842,10.449369
303085,51.971153,8.018936
302894,51.787445,9.98774
301909,52.057194,9.575168
302703,51.790623,9.976504
301797,51.48096,8.237702
302287,50.55152,7.651487
301402,52.015144,10.011474
300488,52.59377,7.7293253
300559,52.123726,9.986434
301202,50.42858,7.6016426
302234,52.243553,10.4581585
301718,52.252815,9.917438
301785,51.6222,10.107362
302922,52.442,8.888717
302741,52.333813,9.732676
302277,50.454468,7.5623937
300319,50.750015,7.556209
301283,51.589485,9.806786
300030,50.520184,9.736403
300565,51.91725,10.150928
301458,52.019062,10.515222
300609,50.50837,7.6016426
301461,52.63291,8.959253
300334,52.13763,10.054291
300577,52.302567,9.463874
302024,51.030827,7.719111
300087,50.77175,9.222212
303118,50.935627,7.7001886
300347,52.611458,10.080063
300456,51.172447,9.706708
302399,52.268326,7.852523
300428,50.622,11.9177885
300381,52.125626,10.087147
300628,51.31456,7.755692
300092,52.218906,9.623551
301596,51.72079,9.65523
302866,52.240265,10.025641
301023,51.52423,9.045602
300007,48.40191,8.735558
300664,52.342735,9.82057
300321,52.490097,7.817741
301082,51.819057,10.500413
302135,50.562023,7.775299
302222,52.245712,9.900119
300918,52.1565,11.421406
302332,52.278397,10.080248
300731,50.486668,7.6353354
301344,52.197536,9.649676
300736,50.330845,7.651487
301767,52.141994,8.830479
301821,52.18322,9.980247
301324,52.237907,9.292924
301961,52.62566,10.324434
301994,51.34631,9.92104
301758,50.908024,7.4235554
302992,52.04867,9.936394
300076,52.13625,8.630448
302198,52.070736,9.923907
301869,51.937534,9.863973
301674,52.124634,10.179179
302322,51.67754,9.708944
300891,52.63435,7.981031
301451,50.418697,7.651487
302442,52.500263,7.867585
303027,51.02355,11.575881
300965,51.1538,7.807335
301614,50.62651,11.2605505
302840,52.10157,9.331458
300903,52.01799,9.06792
300015,50.38116,7.7791696
302905,52.10438,10.070659
300374,50.436512,11.790654
300710,50.796947,7.7791696
302074,51.995167,10.070355
300633,51.174366,9.621736
300228,52.20227,10.377269
301435,50.11151,8.931385
301167,51.84716,10.52835
301152,52.309242,12.008702
301888,52.30113,9.935337
302839,52.523647,10.034381
302123,50.828728,7.7791696
302071,51.940926,9.516785
300751,52.045555,9.496403
303029,50.69731,8.159557
302044,51.99885,9.973998
302049,51.335686,9.440231
302718,51.238094,9.783794
300310,52.17098,7.7293253
301450,51.924744,9.287878
301896,50.816715,7.723751
300705,50.44201,10.05592
301977,51.440823,10.290282
302425,52.09475,9.446904
302547,52.040176,9.657663
300003,50.288963,8.787671
301781,52.583504,7.8198457
300947,51.51964,10.661999
302831,51.83147,7.7477727
301557,52.02419,9.957978
301665,50.734146,7.7335653
301453,50.74443,8.304781
302883,52.354584,10.010685
301199,52.64326,8.207964
302871,52.08779,10.071359
302372,51.732243,9.992859
300549,52.282143,10.003803
301906,51.992867,9.75749
300251,52.502674,11.068458
302260,52.219776,10.172562
301001,50.498028,7.651487
301684,52.070328,9.889828
300665,51.704224,10.037499
300303,51.49909,8.797082
300293,52.162613,10.304393
301894,52.607025,10.057343
302921,51.88569,10.018204
302546,52.258663,11.823173
300193,51.207447,7.827555
301646,52.49124,11.682685
301468,50.704105,7.6851797
301559,52.095947,9.896959
302375,50.94559,9.117247
301348,51.85768,8.726171
302331,52.622017,11.3901825
302083,52.0147,10.04572
300296,52.198956,11.74553
301356,52.16617,9.638433
303053,52.266766,9.900067
300898,51.350166,10.079029
302469,52.594715,10.616718
301624,52.09701,9.475044
300153,52.6279,10.374001
301119,52.00666,9.803588
302941,52.071472,10.168707
300326,50.545757,11.84557
302474,51.34182,8.952103
300529,50.92073,8.177473
302168,50.60319,11.765452
301309,52.094555,9.450386
301329,50.758476,9.727929
302943,52.135105,10.451729
302042,50.538708,8.880266
301905,51.874367,9.973077
302067,52.217754,10.018847
300695,52.096565,10.258739
300471,50.444916,11.892476
301190,50.583626,9.469066
300619,52.051777,9.94799
301975,52.269985,10.369281
301257,51.95591,9.496744
300111,50.481396,10.205547
302874,51.8882,9.9094
300727,52.250233,9.87744
301197,52.117218,9.8336935
302293,51.57158,8.451763
300989,52.67898,8.283413
301080,51.966145,10.36103
301008,52.04062,9.491784
300291,51.753445,9.7934
301448,51.22287,7.6851797
300711,52.109177,10.066134
302687,51.81611,10.012647
302678,52.04187,9.835775
300926,51.89242,9.573153
300367,51.129566,9.554875
300809,50.51606,7.6851797
302828,50.449116,7.7791696
301744,52.04792,9.978251
300531,51.99027,9.478281
301073,51.941402,9.437014
300095,52.079388,10.043209
301581,51.7106,8.868665
300375,51.96435,9.688852
301464,51.972034,8.59841
300886,50.580994,7.6353354
300739,52.067207,10.61723
300369,52.2295,9.99411
302722,51.940823,9.750505
301416,52.103474,9.92488
301196,52.313484,10.689389
301184,52.65142,7.7293253
300747,52.444225,8.173933
302014,51.750683,10.216231
301712,50.851105,7.7791696
301312,50.595634,7.6353354
300787,50.515285,7.6016426
300243,51.20755,8.1375065
302907,51.772816,9.635402
301488,51.611065,9.556402
300599,51.134647,9.495697
302704,50.38187,7.6851797
303082,50.613407,7.2384157
302419,50.680397,10.116695
302237,52.162,10.090352
300553,50.89321,8.357948
300870,51.980343,7.966777
301230,51.777832,9.968575
301103,50.418327,7.6353354
301335,52.245594,9.624592
302175,52.49964,7.8279257
300383,51.016823,9.073706
300333,50.616455,8.94691
301236,52.700695,7.867585
302341,52.561787,8.888782
300001,52.36342,8.387125
302805,52.096092,8.307147
300027,51.145905,9.685949
302506,51.968224,9.72018
301124,51.479515,7.9481874
301221,52.132565,9.940702
302817,49.6148,8.283413
301714,52.597366,9.174547
301113,50.861626,8.059848
302717,52.0602,10.012435
302804,51.982338,7.7293253
302489,52.34727,9.14433
300795,51.233963,8.9302025
301554,52.005558,9.574236
300690,52.35998,10.050342
301043,52.21811,10.15575
303103,52.048435,10.54791
301636,50.76957,11.264197
301098,52.24519,9.718977
300221,52.150833,10.09609
301476,52.67754,7.808429
303092,52.095947,9.51975
303098,52.206913,9.568871
302538,52.098377,10.01034
301087,50.993465,8.983016
302818,52.058613,9.6065645
300752,50.459076,7.563899
301228,51.6034,9.994655
302391,51.788467,8.014109
302360,52.04228,9.421088
301218,52.115303,10.117527
301751,51.70824,9.879757
302761,52.2569,11.89159
301306,51.742035,9.229755
301527,52.088,10.277952
301313,51.889492,10.052742
301759,52.65272,7.7791696
301106,52.01688,9.713557
302989,52.07101,10.086366
301631,50.406967,7.6016426
301728,51.553448,10.488933
300770,51.30144,8.691693
302298,52.183167,9.9195595
300605,51.937134,8.742753
300396,51.92462,9.504445
301249,50.624016,8.969618
302575,51.469715,9.554733
300292,52.030384,8.937089
301943,50.6679,7.768955
300430,51.170418,9.081217
301469,52.26603,10.01324
302623,51.78388,9.693832
302114,51.24201,11.663155
300542,51.884235,11.106882
300350,52.109177,8.553363
300963,52.39882,10.03483
301035,52.072662,9.967846
302757,52.017567,9.629783
302011,50.75413,11.570269
301030,52.687706,8.1788025
300802,52.22413,9.886616
302846,51.644955,9.661378
302357,52.300205,9.564854
302289,51.42959,10.09609
302040,52.30449,8.053492
302515,51.597015,9.532756
301725,51.847263,8.425482
300391,51.935333,9.9495
301069,50.441338,8.065568
300999,51.82767,7.9503016
300094,50.932053,9.533146
300261,52.166733,10.092931
302520,51.950092,8.91119
300624,52.01768,10.019515
302859,50.659252,11.92352
300127,51.4252,10.016875
300940,52.162327,9.155792
302628,50.575718,7.563899
302540,52.732666,10.239104
300765,51.89348,8.315193
300990,52.527508,10.221163
301561,51.58314,9.972046
301586,51.40195,8.984412
300382,52.129982,7.7293253
302762,52.30463,10.939077
301760,50.65675,7.867585
302885,51.947186,9.919135
301772,51.819458,9.523919
302671,50.631084,7.659046
302614,52.079388,10.16832
301763,51.71736,9.483132
301154,52.154293,10.089614
302436,52.16323,10.004276
303019,52.1768,10.087615
301193,52.17859,10.917144
301301,51.532345,9.610509
300123,50.166843,7.7293253
301715,52.03273,10.303324
301350,49.90112,9.5480995
301316,52.10003,10.220753
301233,51.857822,10.654423
300742,52.06948,10.44231
300859,51.835636,8.62048
301292,52.00408,9.1601715
301891,51.83064,9.565792
303113,51.811665,10.082089
300756,52.057426,7.7417245
302980,52.59051,7.9174695
300796,51.644676,8.8038435
301915,51.166836,12.508134
302622,51.710667,8.257074
302971,50.505993,7.6016426
303040,51.35455,8.405563
302563,52.207478,10.040026
301857,50.64873,7.7293253
301659,52.17128,9.960077
303131,52.323334,9.654162
300126,51.216072,9.516785
301293,51.201427,8.907272
302878,51.703484,10.126791
302204,52.597363,9.104751
300106,51.421307,8.89946
303068,50.876415,7.7293253
300159,51.897865,10.733239
302926,52.171597,9.702325
302350,51.07487,8.657753
302325,51.69035,8.048371
301811,51.426178,7.9432635
302475,50.666904,11.289103
301220,51.06654,7.9503016
303031,51.54455,9.014408
300873,52.33568,9.960077
300276,52.009087,10.119168
302627,52.265884,8.308346
301070,52.1414,9.1235485
301005,51.09645,9.648471
303003,51.184635,8.885307
301911,52.17128,10.099623
300467,50.45376,7.6016426
301025,50.563877,7.5845776
302267,52.284035,9.923599
300380,51.20301,10.023876
300792,52.632908,7.7293253
301478,52.21494,9.500668
301717,50.88144,10.004667
301253,50.338676,7.6016426
300732,51.929813,8.954302
300862,50.51606,7.690058
302933,51.573357,8.94725
301183,52.398685,8.682928
300555,52.129448,10.022559
300049,51.85414,8.954086
301242,52.196136,9.785554
300799,52.703377,7.8429823
302856,52.424873,10.041801
302918,52.30577,10.06772
300936,52.177597,7.8265486
303083,51.82961,10.074444
302966,51.342793,9.992046
301660,51.13444,9.597769
302880,51.665237,9.184435
301742,50.439377,7.651487
300253,52.121147,10.086244
300647,51.901546,9.811468
301651,52.230545,10.101656
300964,52.011826,10.223475
301706,51.178795,8.682827
300996,52.201645,10.025641
302468,52.53344,11.925339
300662,50.99329,7.781048
300634,52.353443,9.762797
300955,51.262836,8.967696
301999,51.023888,9.728163
302343,50.69048,7.651487
302602,52.180244,9.90434
301866,52.121147,9.744014
302129,51.540195,9.750505
301678,52.476677,9.71978
300872,52.53254,8.250227
301953,51.65867,9.891219
302581,51.800762,8.928569
302247,51.800983,9.287512
300527,50.520336,11.929111
303021,52.61465,9.154997
302990,51.41093,10.027557
302808,51.05575,12.41933
301207,50.8992,7.9130077
300233,52.307755,9.999973
301334,50.587017,7.6353354
301695,52.077206,10.262025
300652,51.788765,10.049515
302395,51.302086,7.7401357
302036,52.328426,10.074324
301556,51.93765,9.0262985
302529,50.904552,7.8230696
300607,52.16834,8.9917965
301881,52.267056,9.645517
301456,51.682858,9.828458
301740,52.03121,9.275522
301615,51.35408,9.979145
301381,51.80895,8.963229
301545,51.944252,10.117286
302411,51.751606,9.005033
302497,52.029823,9.554427
302734,52.25871,10.026038
301446,52.203854,10.052742
301449,52.387398,10.065364
301254,52.489872,9.974576
300215,50.764305,7.996809
301385,50.66944,8.801389
302890,49.909225,11.960004
302407,52.19722,10.111456
301750,52.16057,8.963165
302229,52.009014,8.338043
301328,52.155125,7.996809
300192,48.924294,7.8309493
300042,52.137398,10.086839
301397,51.066586,9.647477
300279,52.102448,8.940549
302524,52.27404,9.4433155
302780,51.90322,10.143282
300360,51.973198,10.020009
301352,51.78402,10.226486
300267,51.968327,9.973448
300034,50.459785,7.651487
300249,50.806286,12.252326
302470,52.048813,8.998077
300246,50.832394,7.867585
302825,51.8574,9.733883
300670,50.617634,7.651487
303090,52.12775,8.50594
301693,52.419125,10.667278
301272,50.7627,11.841392
301901,52.035866,9.431666
302646,51.25486,7.8132553
302055,50.532623,7.719111
300861,52.644794,9.91032
301084,52.439377,10.031465
302427,52.05705,10.453166
302115,52.050945,9.885688
302037,52.16608,10.09781
300877,52.618,8.191318
302558,50.94769,8.245648
302763,52.48242,7.9525294
300630,52.14324,8.215823
301630,52.21876,10.80794
302300,52.24342,9.117349
300102,51.190937,10.074921
302711,52.551235,10.887833
302301,52.41064,8.436114
301044,52.16472,10.038337
301400,51.756176,9.682483
303134,51.126034,9.215236
301882,49.79124,7.6016426
300948,50.36146,7.7335653
302428,50.931103,8.6865835
302723,51.985947,10.692503
302693,52.632908,7.817741
302421,52.00957,10.08856
302654,50.27694,10.063051
301543,51.96304,9.3903885
301140,52.00147,9.781843
302589,52.071472,9.717568
301100,52.48176,9.806786
300617,52.20133,10.244425
301423,51.864967,9.887074
300758,52.36432,10.890053
300994,52.03261,8.593285
301968,52.14182,9.658384
301499,51.61898,10.213346
301141,51.936516,9.858982
300645,52.101124,9.614469
300824,52.057037,10.114013
302209,50.258312,9.235761
300974,51.047935,11.067019
302342,52.351234,10.029193
300793,51.99027,10.123094
302193,52.21168,10.41325
300831,52.101006,9.975544
300874,50.692307,7.817741
301851,52.17755,9.069756
300927,51.76894,10.047106
302297,52.178905,9.99748
301672,52.095947,9.921581
300050,52.07645,11.268782
303077,52.186012,8.410861
301322,52.13842,8.346813
300036,51.998383,10.013593
301406,52.187466,9.81658
302050,52.294926,7.827555
301880,50.66944,11.775008
300902,51.716095,10.332233
302029,52.022,8.9391775
301501,51.15248,8.765085
301401,52.475075,9.253306
301790,52.08412,10.025458
300640,50.8691,9.57315
300443,51.826878,10.040513
300086,51.839367,8.811438
302310,52.17128,10.645712
301721,50.728004,9.520464
300784,50.9331,8.899469
301438,51.473766,10.494367
302668,50.639942,7.902819
302855,52.10438,9.991075
300556,50.95716,8.661708
303071,51.22957,8.283413
302296,51.208164,10.088132
300762,51.55283,7.7791696
301327,50.459785,7.6016426
301997,51.690224,9.466836
300568,52.137287,10.071132
302389,52.21595,9.516395
300187,52.62192,8.4478445
301355,51.311813,10.166805
301170,50.571003,7.7791696
301616,52.152973,9.814949
300150,52.02781,10.218425
301854,52.127953,10.269986
301127,52.025818,9.10441
302588,52.132664,8.669452
302733,51.91714,8.6301565
300656,52.30577,10.791968
300738,52.557487,7.8198457
302746,50.300003,7.7868085
300909,52.130863,10.023374
301088,50.3827,12.274286
302915,52.703377,9.213184
300434,52.015232,10.830185
302352,51.86712,9.8687525
300181,52.216194,9.52503
300850,52.023987,9.804753
301479,52.294334,9.987781
301601,52.095215,9.833803
300469,52.66795,7.79806
301311,52.502296,10.944097
301359,52.0446,10.069812
302958,52.258324,9.902167
300307,52.316013,10.188683
302665,52.20604,10.029791
301191,51.724773,9.075474
302600,51.927883,8.442955
301956,50.436512,12.172344
300410,52.235237,10.274698
301041,52.01943,9.891445
301535,50.26437,11.04968
302786,52.047165,10.746584
302853,50.57606,7.563899
300118,52.157433,9.895453
303054,51.7374,10.624518
301347,51.523834,9.973448
300721,50.916718,7.6353354
301404,51.30286,9.85769
302946,51.838547,8.98511
300299,52.713097,8.387125
301663,51.450333,7.6998725
302314,52.12083,9.269615
300077,52.212532,9.825363
300032,52.079323,10.049172
302003,51.069603,9.888823
303129,52.267445,9.993554
301223,51.74294,9.716924
300635,52.435925,7.7791696
301515,51.977882,9.368373
301104,50.793434,7.9469647
300881,51.96613,10.178
302765,50.47309,11.903256
300941,51.423122,11.728524
300561,50.575745,7.6851797
300207,52.2015,10.035082
302593,51.575542,9.732102
301658,52.029396,10.0548315
300789,51.09017,9.590229
300151,52.191914,9.996963
300302,51.188023,8.010233
301963,51.241394,9.942202
302180,51.16964,8.907841
301697,50.60319,9.147002
